Mag,Phase,band
17.129254837334813,0.0,g
17.12695198463364,0.001,g
17.124658279878172,0.002,g
17.12237405209353,0.003,g
17.120099626196904,0.004,g
17.117835322916335,0.005,g
17.11558145871205,0.006,g
17.113338345700317,0.007,g
17.11110629157986,0.008,g
17.10888559956087,0.009000000000000001,g
17.10667656829666,0.01,g
17.104479491817884,0.011,g
17.10229465946947,0.012,g
17.1001223558502,0.013000000000000001,g
17.097962860754972,0.014,g
17.095816449119752,0.015,g
17.093683390969257,0.016,g
17.091563951367327,0.017,g
17.089458390370034,0.018000000000000002,g
17.08736696298155,0.019,g
17.085289919112704,0.02,g
17.083227503542304,0.021,g
17.081179955881204,0.022,g
17.07914751053907,0.023,g
17.07713039669395,0.024,g
17.075128838264515,0.025,g
17.07314305388502,0.026000000000000002,g
17.071173256883036,0.027,g
17.069219655259847,0.028,g
17.067282451673503,0.029,g
17.065361843424682,0.03,g
17.063458022445033,0.031,g
17.061571175288346,0.032,g
17.05970148312423,0.033,g
17.057849121734446,0.034,g
17.056014261511827,0.035,g
17.05419706746177,0.036000000000000004,g
17.052397699206242,0.037,g
17.05061631099031,0.038,g
17.048853051691186,0.039,g
17.047108064829665,0.04,g
17.045381488584056,0.041,g
17.043673455806456,0.042,g
17.041984094041414,0.043000000000000003,g
17.040313525546892,0.044,g
17.03866186731755,0.045,g
17.03702923111023,0.046,g
17.035415723471694,0.047,g
17.033821445768528,0.048,g
17.032246494219148,0.049,g
17.030690959927913,0.05,g
17.029154928921297,0.051000000000000004,g
17.027638482186006,0.052000000000000005,g
17.026141695709104,0.053,g
17.024664640520026,0.054,g
17.023207382734434,0.055,g
17.021769983599885,0.056,g
17.020352499543282,0.057,g
17.018954982220023,0.058,g
17.01757747856478,0.059000000000000004,g
17.01622003084393,0.06,g
17.0148826767095,0.061,g
17.013565449254653,0.062,g
17.012268377070562,0.063,g
17.01099148430474,0.064,g
17.009734790720664,0.065,g
17.00849831175869,0.066,g
17.007282058598204,0.067,g
17.00608603822092,0.068,g
17.00491025347532,0.069,g
17.003754703142114,0.07,g
17.00261938200074,0.07100000000000001,g
17.00150428089676,0.07200000000000001,g
17.000409386810162,0.073,g
16.99933468292449,0.074,g
16.99828014869675,0.075,g
16.99724575992798,0.076,g
16.99623148883452,0.077,g
16.995237304119872,0.078,g
16.994263171047056,0.079,g
16.993309051511492,0.08,g
16.992374904114275,0.081,g
16.991460684235847,0.082,g
16.990566344109904,0.083,g
16.989691832897652,0.084,g
16.988837096762193,0.085,g
16.98800207894307,0.08600000000000001,g
16.98718671983089,0.08700000000000001,g
16.986390957042,0.088,g
16.985614725493107,0.089,g
16.984857957475846,0.09,g
16.98412058273121,0.091,g
16.98340252852379,0.092,g
16.982703719715794,0.093,g
16.982024078840777,0.094,g
16.98136352617705,0.095,g
16.980721979820643,0.096,g
16.980099355757964,0.097,g
16.979495567937825,0.098,g
16.978910528343075,0.099,g
16.978344147061563,0.1,g
16.97779633235656,0.101,g
16.977266990736485,0.10200000000000001,g
16.976756027023907,0.10300000000000001,g
16.976263344423874,0.10400000000000001,g
16.975788844591392,0.105,g
16.975332427698113,0.106,g
16.97489399249815,0.107,g
16.974473436393,0.108,g
16.974070655495574,0.109,g
16.97368554469314,0.11,g
16.973317997709433,0.111,g
16.972967907165593,0.112,g
16.972635164640106,0.113,g
16.97231966072764,0.114,g
16.97202128509675,0.115,g
16.971739926546476,0.116,g
16.97147547306169,0.117,g
16.97122781186731,0.11800000000000001,g
16.970996829481305,0.11900000000000001,g
16.970782411766386,0.12,g
16.97058444398051,0.121,g
16.97040281082607,0.122,g
16.97023739649778,0.123,g
16.970088084729277,0.124,g
16.969954758838377,0.125,g
16.969837301770987,0.126,g
16.96973559614367,0.127,g
16.969649524284872,0.128,g
16.969578968274732,0.129,g
16.969523809983546,0.13,g
16.969483931108872,0.131,g
16.969459213211177,0.132,g
16.96944953774815,0.133,g
16.96945478610761,0.134,g
16.969474839639,0.135,g
16.969509579683514,0.136,g
16.969558887602844,0.137,g
16.969622644806474,0.138,g
16.969700732777685,0.139,g
16.96979303309811,0.14,g
16.96989942747096,0.14100000000000001,g
16.970019797742896,0.14200000000000002,g
16.97015402592452,0.14300000000000002,g
16.97030199420955,0.14400000000000002,g
16.970463584992686,0.145,g
16.970638680886122,0.146,g
16.970827164734818,0.147,g
16.971028919630438,0.148,g
16.971243828924074,0.149,g
16.971471776237674,0.15,g
16.971712645474312,0.151,g
16.97196632082719,0.152,g
16.9722326867875,0.153,g
16.972511628151118,0.154,g
16.972803030024128,0.155,g
16.973106777827315,0.156,g
16.973422757299474,0.157,g
16.973750854499727,0.158,g
16.974090955808805,0.159,g
16.974442947929283,0.16,g
16.974806717884864,0.161,g
16.97518215301875,0.162,g
16.97556914099104,0.163,g
16.975967569775285,0.164,g
16.976377327654156,0.165,g
16.97679830321434,0.166,g
16.977230385340608,0.167,g
16.97767346320911,0.168,g
16.97812742628004,0.169,g
16.978592164289488,0.17,g
16.979067567240765,0.171,g
16.979553525395026,0.17200000000000001,g
16.980049929261323,0.17300000000000001,g
16.980556669586168,0.17400000000000002,g
16.981073637342526,0.17500000000000002,g
16.981600723718365,0.176,g
16.982137820104764,0.177,g
16.98268481808363,0.178,g
16.983241609415035,0.179,g
16.983808086024233,0.18,g
16.984384139988414,0.181,g
16.984969663523188,0.182,g
16.98556454896882,0.183,g
16.98616868877637,0.184,g
16.986781975493603,0.185,g
16.98740430175087,0.186,g
16.988035560246868,0.187,g
16.9886756437344,0.188,g
16.989324445006144,0.189,g
16.989981856880416,0.19,g
16.990647772187074,0.191,g
16.991322083753502,0.192,g
16.99200468439074,0.193,g
16.992695466879788,0.194,g
16.99339432395814,0.195,g
16.994101148306573,0.196,g
16.994815832536187,0.197,g
16.995538269175793,0.198,g
16.996268350659626,0.199,g
16.99700596931542,0.2,g
16.99775101735293,0.201,g
16.998503386852853,0.202,g
16.999262969756252,0.203,g
17.00002965785441,0.20400000000000001,g
17.000803342779292,0.20500000000000002,g
17.00158391599448,0.20600000000000002,g
17.002371268786717,0.20700000000000002,g
17.00316529225806,0.20800000000000002,g
17.003965877318613,0.209,g
17.004772914679975,0.21,g
17.00558629484929,0.211,g
17.00640590812402,0.212,g
17.007231644587428,0.213,g
17.008063394104802,0.214,g
17.008901046320418,0.215,g
17.009744490655237,0.216,g
17.010593616305474,0.217,g
17.011448312241882,0.218,g
17.012308467209884,0.219,g
17.013173969730538,0.22,g
17.01404470810234,0.221,g
17.01492057040387,0.222,g
17.015801444497328,0.223,g
17.01668721803289,0.224,g
17.017577778454005,0.225,g
17.018473013003526,0.226,g
17.019372808730797,0.227,g
17.02027705249954,0.228,g
17.02118563099678,0.229,g
17.02209843074252,0.23,g
17.023015338100457,0.231,g
17.02393623928952,0.232,g
17.024861020396347,0.233,g
17.025789567388667,0.234,g
17.02672176612956,0.23500000000000001,g
17.027657502392625,0.23600000000000002,g
17.028596661878062,0.23700000000000002,g
17.029539130229587,0.23800000000000002,g
17.030484793052306,0.23900000000000002,g
17.03143353593133,0.24,g
17.032385244451397,0.241,g
17.033339804217245,0.242,g
17.03429710087483,0.243,g
17.03525702013342,0.244,g
17.03621944778843,0.245,g
17.03718426974512,0.246,g
17.038151372043018,0.247,g
17.039120640881137,0.248,g
17.040091962643928,0.249,g
17.041065223927955,0.25,g
17.042040311569295,0.251,g
17.0430171126716,0.252,g
17.04399551463483,0.253,g
17.044975405184655,0.254,g
17.04595667240244,0.255,g
17.04693920475584,0.256,g
17.04792289113,0.257,g
17.048907620859218,0.258,g
17.04989328375923,0.259,g
17.050879770159906,0.26,g
17.05186697093847,0.261,g
17.0528547775531,0.262,g
17.05384308207698,0.263,g
17.054831777232742,0.264,g
17.055820756427202,0.265,g
17.05680991378644,0.266,g
17.05779914419121,0.267,g
17.058788343312546,0.268,g
17.059777407647598,0.269,g
17.060766234555707,0.27,g
17.0617547222946,0.271,g
17.0627427700567,0.272,g
17.06373027800556,0.273,g
17.064717147312336,0.274,g
17.065703280192306,0.275,g
17.06668857994132,0.276,g
17.067672950972312,0.277,g
17.068656298851597,0.278,g
17.069638530335173,0.279,g
17.070619553404814,0.28,g
17.07159927730398,0.281,g
17.07257761257355,0.28200000000000003,g
17.073554471087228,0.28300000000000003,g
17.07452976608674,0.28400000000000003,g
17.075503412216662,0.28500000000000003,g
17.076475325558903,0.28600000000000003,g
17.077445423666777,0.28700000000000003,g
17.078413625598685,0.28800000000000003,g
17.07937985195132,0.289,g
17.080344024892344,0.29,g
17.081306068192607,0.291,g
17.08226590725771,0.292,g
17.08322346915911,0.293,g
17.084178682664415,0.294,g
17.08513147826721,0.295,g
17.08608178821605,0.296,g
17.087029546542787,0.297,g
17.08797468909018,0.298,g
17.08891715353863,0.299,g
17.089856879432194,0.3,g
17.090793808203685,0.301,g
17.09172788319897,0.302,g
17.092659049700295,0.303,g
17.093587254948762,0.304,g
17.094512448165776,0.305,g
17.095434580573585,0.306,g
17.09635360541476,0.307,g
17.09726947797068,0.308,g
17.09818215557898,0.309,g
17.099091597649856,0.31,g
17.099997765681373,0.311,g
17.10090062327357,0.312,g
17.10180013614148,0.313,g
17.102696272126973,0.314,g
17.103589001209443,0.315,g
17.104478295515268,0.316,g
17.105364129326095,0.317,g
17.106246479085907,0.318,g
17.10712532340679,0.319,g
17.108000643073552,0.32,g
17.108872421046993,0.321,g
17.1097406424659,0.322,g
17.110605294647833,0.323,g
17.111466367088518,0.324,g
17.11232385146002,0.325,g
17.113177741607554,0.326,g
17.114028033544965,0.327,g
17.114874725448956,0.328,g
17.115717817651927,0.329,g
17.116557312633486,0.33,g
17.117393215010665,0.331,g
17.1182255315268,0.332,g
17.119054271039,0.333,g
17.119879444504434,0.334,g
17.12070106496511,0.335,g
17.1215191475315,0.336,g
17.122333709364728,0.337,g
17.12314476965749,0.338,g
17.12395234961365,0.339,g
17.124756472426554,0.34,g
17.12555716325605,0.341,g
17.126354449204204,0.342,g
17.12714835928978,0.343,g
17.12793892442143,0.34400000000000003,g
17.12872617736968,0.34500000000000003,g
17.12951015273762,0.34600000000000003,g
17.130290886930478,0.34700000000000003,g
17.13106841812388,0.34800000000000003,g
17.131842786231044,0.34900000000000003,g
17.132614032868695,0.35000000000000003,g
17.13338220132195,0.35100000000000003,g
17.134147336508004,0.352,g
17.134909484938717,0.353,g
17.13566869468217,0.354,g
17.136425015323116,0.355,g
17.137178497922427,0.356,g
17.137929194975484,0.357,g
17.138677160369685,0.358,g
17.139422449340863,0.359,g
17.140165118428882,0.36,g
17.140905225432288,0.361,g
17.141642829362077,0.362,g
17.14237799039465,0.363,g
17.14311076982392,0.364,g
17.143841230012676,0.365,g
17.144569434343165,0.366,g
17.145295447166966,0.367,g
17.14601933375417,0.368,g
17.146741160241945,0.369,g
17.147460993582424,0.37,g
17.148178901490045,0.371,g
17.14889495238835,0.372,g
17.149609215356236,0.373,g
17.150321760073773,0.374,g
17.151032656767534,0.375,g
17.151741976155552,0.376,g
17.152449789391895,0.377,g
17.153156168010927,0.378,g
17.153861183871268,0.379,g
17.15456490909948,0.38,g
17.15526741603356,0.381,g
17.155968777166255,0.382,g
17.15666906508824,0.383,g
17.157368352431174,0.384,g
17.158066711810697,0.385,g
17.158764215769445,0.386,g
17.159460936720034,0.387,g
17.160156946888122,0.388,g
17.160852318255557,0.389,g
17.16154712250366,0.39,g
17.16224143095669,0.391,g
17.16293531452551,0.392,g
17.163628843651498,0.393,g
17.16432208825077,0.394,g
17.1650151176587,0.395,g
17.165708000574813,0.396,g
17.16640080500811,0.397,g
17.16709359822279,0.398,g
17.167786446684488,0.399,g
17.168479416006978,0.4,g
17.169172570899498,0.401,g
17.169865975114593,0.402,g
17.170559691396633,0.403,g
17.171253781430966,0.404,g
17.171948305793745,0.405,g
17.172643323902562,0.406,g
17.173338893967713,0.40700000000000003,g
17.17403507294441,0.40800000000000003,g
17.17473191648569,0.40900000000000003,g
17.175429478896284,0.41000000000000003,g
17.17612781308728,0.41100000000000003,g
17.17682697053184,0.41200000000000003,g
17.177527001221726,0.41300000000000003,g
17.178227953624905,0.41400000000000003,g
17.178929874644158,0.41500000000000004,g
17.17963280957668,0.41600000000000004,g
17.180336802074788,0.417,g
17.181041894107725,0.418,g
17.181748125924553,0.419,g
17.182455536018217,0.42,g
17.1831641610908,0.421,g
17.183874036019898,0.422,g
17.18458519382629,0.423,g
17.185297665642782,0.424,g
17.186011480684382,0.425,g
17.186726666219663,0.426,g
17.18744324754351,0.427,g
17.18816124795112,0.428,g
17.18888068871335,0.429,g
17.189601589053453,0.43,g
17.190323966125117,0.431,g
17.191047834991927,0.432,g
17.191773208608208,0.433,g
17.192500097801254,0.434,g
17.193228511254993,0.435,g
17.19395845549509,0.436,g
17.19468993487544,0.437,g
17.195422951566172,0.438,g
17.196157505543034,0.439,g
17.1968935945783,0.44,g
17.197631214233073,0.441,g
17.198370357851147,0.442,g
17.199111016554244,0.443,g
17.199853179238804,0.444,g
17.2005968325742,0.445,g
17.201341961002456,0.446,g
17.20208854673942,0.447,g
17.20283656977747,0.448,g
17.203586007889587,0.449,g
17.204336836635,0.45,g
17.205089029366246,0.451,g
17.2058425572377,0.452,g
17.206597389215535,0.453,g
17.207353492089183,0.454,g
17.208110830484184,0.455,g
17.20886936687647,0.456,g
17.209629061608087,0.457,g
17.210389872904322,0.458,g
17.211151756892196,0.459,g
17.211914667620405,0.46,g
17.21267855708054,0.461,g
17.213443375229744,0.462,g
17.214209070014654,0.463,g
17.214975587396722,0.464,g
17.21574287137878,0.465,g
17.21651086403292,0.466,g
17.217279505529678,0.467,g
17.218048734168413,0.468,g
17.21881848640896,0.46900000000000003,g
17.21958869690447,0.47000000000000003,g
17.220359298535456,0.47100000000000003,g
17.221130222444973,0.47200000000000003,g
17.221901398075,0.47300000000000003,g
17.222672753203884,0.47400000000000003,g
17.223444213984912,0.47500000000000003,g
17.224215704985944,0.47600000000000003,g
17.22498714923011,0.47700000000000004,g
17.225758468237498,0.47800000000000004,g
17.22652958206785,0.47900000000000004,g
17.22730040936423,0.48,g
17.228070867397623,0.481,g
17.22884087211248,0.482,g
17.229610338173053,0.483,g
17.230379179010704,0.484,g
17.23114730687193,0.485,g
17.231914632867284,0.486,g
17.23268106702096,0.487,g
17.233446518321195,0.488,g
17.234210894771305,0.489,g
17.234974103441463,0.49,g
17.235736050521044,0.491,g
17.236496641371634,0.492,g
17.2372557805806,0.493,g
17.238013372015185,0.494,g
17.238769318877136,0.495,g
17.239523523757804,0.496,g
17.24027588869367,0.497,g
17.241026315222342,0.498,g
17.24177470443887,0.499,g
17.242520957052424,0.5,g
17.24326497344331,0.501,g
17.244006653720234,0.502,g
17.244745897777854,0.503,g
17.245482605354486,0.504,g
17.246216676090057,0.505,g
17.246948009584152,0.506,g
17.2476765054542,0.507,g
17.24840206339376,0.508,g
17.249124583230792,0.509,g
17.249843964986013,0.51,g
17.25056010893121,0.511,g
17.25127291564748,0.512,g
17.2519822860834,0.513,g
17.25268812161313,0.514,g
17.25339032409428,0.515,g
17.254088795925668,0.516,g
17.254783440104855,0.517,g
17.255474160285402,0.518,g
17.256160860833912,0.519,g
17.256843446886712,0.52,g
17.25752182440625,0.521,g
17.25819590023709,0.522,g
17.258865582161544,0.523,g
17.259530778954847,0.524,g
17.260191400439947,0.525,g
17.260847357541707,0.526,g
17.261498562340712,0.527,g
17.262144928126464,0.528,g
17.26278636945004,0.529,g
17.263422802176187,0.53,g
17.264054143534732,0.531,g
17.26468031217141,0.532,g
17.265301228198016,0.533,g
17.26591681324181,0.534,g
17.266526990494302,0.535,g
17.26713168475921,0.536,g
17.267730822499676,0.537,g
17.268324331884703,0.538,g
17.268912142834797,0.539,g
17.269494187066748,0.54,g
17.270070398137545,0.541,g
17.270640711487488,0.542,g
17.271205064482313,0.543,g
17.271763396454443,0.544,g
17.272315648743344,0.545,g
17.272861764734856,0.546,g
17.273401689899604,0.547,g
17.27393537183039,0.548,g
17.274462760278613,0.549,g
17.274983807189642,0.55,g
17.275498466737158,0.551,g
17.276006695356426,0.552,g
17.276508451776547,0.553,g
17.277003697051583,0.554,g
17.27749239459062,0.555,g
17.27797451018667,0.556,g
17.278450012044537,0.557,g
17.278918870807466,0.558,g
17.27938105958272,0.559,g
17.279836553965957,0.56,g
17.280285332064455,0.561,g
17.280727374519177,0.562,g
17.281162664525638,0.5630000000000001,g
17.281591187853603,0.5640000000000001,g
17.282012932865563,0.5650000000000001,g
17.28242789053403,0.5660000000000001,g
17.28283605445759,0.5670000000000001,g
17.283237420875793,0.5680000000000001,g
17.283631988682732,0.5690000000000001,g
17.284019759439506,0.5700000000000001,g
17.28440073738535,0.5710000000000001,g
17.284774929447604,0.5720000000000001,g
17.285142345250367,0.5730000000000001,g
17.28550299712201,0.5740000000000001,g
17.285856900101326,0.5750000000000001,g
17.286204071942542,0.5760000000000001,g
17.28654453311901,0.577,g
17.286878306825688,0.578,g
17.287205418980346,0.579,g
17.287525898223542,0.58,g
17.28783977591735,0.581,g
17.28814708614284,0.582,g
17.28844786569626,0.583,g
17.28874215408411,0.584,g
17.28902999351681,0.585,g
17.28931142890123,0.586,g
17.289586507831974,0.587,g
17.28985528058142,0.588,g
17.29011780008851,0.589,g
17.290374121946357,0.59,g
17.290624304388647,0.591,g
17.290868408274743,0.592,g
17.29110649707367,0.593,g
17.2913386368469,0.594,g
17.291564896229854,0.595,g
17.29178534641231,0.596,g
17.292000061117612,0.597,g
17.292209116580665,0.598,g
17.292412591524794,0.599,g
17.29261056713747,0.6,g
17.292803127044845,0.601,g
17.292990357285177,0.602,g
17.29317234628111,0.603,g
17.293349184810857,0.604,g
17.293520965978256,0.605,g
17.293687785181707,0.606,g
17.293849740082063,0.607,g
17.294006930569417,0.608,g
17.29415945872882,0.609,g
17.29430742880496,0.61,g
17.294450947165764,0.611,g
17.294590122265006,0.612,g
17.294725064603874,0.613,g
17.294855886691515,0.614,g
17.29498270300462,0.615,g
17.295105629945994,0.616,g
17.295224785802155,0.617,g
17.295340290700025,0.618,g
17.295452266562595,0.619,g
17.295560837063743,0.62,g
17.295666127582074,0.621,g
17.295768265153907,0.622,g
17.295867378425335,0.623,g
17.295963597603432,0.624,g
17.296057054406607,0.625,g
17.29614788201411,0.626,g
17.2962362150147,0.627,g
17.29632218935452,0.628,g
17.296405942284153,0.629,g
17.296487612304926,0.63,g
17.296567339114446,0.631,g
17.296645263551316,0.632,g
17.29672152753927,0.633,g
17.29679627403042,0.634,g
17.29686964694795,0.635,g
17.296941791128024,0.636,g
17.297012852261094,0.637,g
17.29708297683254,0.638,g
17.29715231206267,0.639,g
17.297221005846126,0.64,g
17.29728920669069,0.641,g
17.297357063655515,0.642,g
17.297424726288803,0.643,g
17.297492344564933,0.644,g
17.297560068821088,0.645,g
17.297628049693365,0.646,g
17.297696438052398,0.647,g
17.29776538493857,0.648,g
17.2978350414967,0.649,g
17.297905558910358,0.65,g
17.297977088335784,0.651,g
17.29804978083539,0.652,g
17.298123787310953,0.653,g
17.29819925843637,0.654,g
17.298276344590203,0.655,g
17.298355195787856,0.656,g
17.298435961613464,0.657,g
17.29851879115159,0.658,g
17.29860383291859,0.659,g
17.29869123479387,0.66,g
17.29878114395083,0.661,g
17.298873706787756,0.662,g
17.29896906885847,0.663,g
17.29906737480289,0.664,g
17.299168768277497,0.665,g
17.2992733918857,0.666,g
17.29938138710815,0.667,g
17.299492894233005,0.668,g
17.299608052286214,0.669,g
17.299726998961784,0.67,g
17.299849870552087,0.671,g
17.299976801878234,0.672,g
17.300107926220537,0.673,g
17.300243375249075,0.674,g
17.300383278954346,0.675,g
17.300527765578188,0.676,g
17.30067696154476,0.677,g
17.300830991391802,0.678,g
17.300989977702116,0.679,g
17.30115404103528,0.68,g
17.30132329985969,0.681,g
17.301497870484848,0.682,g
17.301677866994073,0.683,g
17.30186340117749,0.684,g
17.302054582465438,0.685,g
17.302251517862327,0.686,g
17.302454311880897,0.687,g
17.302663066476924,0.6880000000000001,g
17.3028778809845,0.6890000000000001,g
17.303098852051754,0.6900000000000001,g
17.30332607357717,0.6910000000000001,g
17.30355963664646,0.6920000000000001,g
17.303799629470078,0.6930000000000001,g
17.304046137321297,0.6940000000000001,g
17.304299242475004,0.6950000000000001,g
17.304559024147192,0.6960000000000001,g
17.304825558435095,0.6970000000000001,g
17.305098918258153,0.6980000000000001,g
17.30537917329968,0.6990000000000001,g
17.30566638994938,0.7000000000000001,g
17.30596063124664,0.7010000000000001,g
17.306261956824763,0.7020000000000001,g
17.306570422855973,0.7030000000000001,g
17.306886081997423,0.704,g
17.3072089833381,0.705,g
17.30753917234672,0.706,g
17.307876690820585,0.707,g
17.30822157683553,0.708,g
17.308573864696832,0.709,g
17.308933584891296,0.71,g
17.309300764040383,0.711,g
17.309675424854486,0.712,g
17.310057586088405,0.713,g
17.31044726249799,0.714,g
17.310844464797995,0.715,g
17.31124919962118,0.716,g
17.311661469478743,0.717,g
17.31208127272195,0.718,g
17.312508603505215,0.719,g
17.312943451750424,0.72,g
17.313385803112734,0.721,g
17.313835638947715,0.722,g
17.314292936279966,0.723,g
17.314757667773154,0.724,g
17.315229801701605,0.725,g
17.315709301923317,0.726,g
17.316196127854592,0.727,g
17.31669023444618,0.728,g
17.317191572161008,0.729,g
17.317700086953547,0.73,g
17.318215720250798,0.731,g
17.318738408934916,0.732,g
17.31926808532753,0.733,g
17.319804677175757,0.734,g
17.320348107639955,0.735,g
17.32089829528316,0.736,g
17.321455154062384,0.737,g
17.322018593321594,0.738,g
17.322588517786553,0.739,g
17.32316482756148,0.74,g
17.323747418127528,0.741,g
17.324336180343135,0.742,g
17.324931000446252,0.743,g
17.325531760058446,0.744,g
17.326138336190912,0.745,g
17.326750601252463,0.746,g
17.32736842305935,0.747,g
17.327991664847136,0.748,g
17.328620185284468,0.749,g
17.32925383848886,0.75,g
17.32989247404446,0.751,g
17.33053593702179,0.752,g
17.331184067999512,0.753,g
17.331836703088225,0.754,g
17.332493673956257,0.755,g
17.33315480785752,0.756,g
17.333819927661384,0.757,g
17.33448885188458,0.758,g
17.33516139472522,0.759,g
17.335837366098776,0.76,g
17.3365165716762,0.761,g
17.33719881292403,0.762,g
17.337883887146624,0.763,g
17.33857158753039,0.764,g
17.33926170319011,0.765,g
17.33995401921732,0.766,g
17.340648316730714,0.767,g
17.34134437292863,0.768,g
17.342041961143547,0.769,g
17.342740850898636,0.77,g
17.343440807966363,0.771,g
17.344141594429054,0.772,g
17.344842968741514,0.773,g
17.345544685795637,0.774,g
17.346246496987025,0.775,g
17.346948150283524,0.776,g
17.347649390295786,0.777,g
17.348349958349736,0.778,g
17.349049592560995,0.779,g
17.34974802791121,0.78,g
17.35044499632626,0.781,g
17.351140226756364,0.782,g
17.35183344525802,0.783,g
17.35252437507779,0.784,g
17.35321273673791,0.785,g
17.353898248123638,0.786,g
17.354580624572417,0.787,g
17.35525957896472,0.788,g
17.355934821816664,0.789,g
17.35660606137423,0.79,g
17.357273003709164,0.791,g
17.357935352816515,0.792,g
17.358592810713745,0.793,g
17.359245077541335,0.794,g
17.359891851665015,0.795,g
17.36053282977936,0.796,g
17.361167707012935,0.797,g
17.36179617703477,0.798,g
17.36241793216222,0.799,g
17.363032663470214,0.8,g
17.363640060901705,0.801,g
17.364239813379424,0.802,g
17.364831608918813,0.803,g
17.36541513474212,0.804,g
17.365990077393654,0.805,g
17.366556122856018,0.806,g
17.367112956667462,0.807,g
17.367660264040136,0.808,g
17.368197729979343,0.809,g
17.368725039403586,0.81,g
17.369241877265523,0.811,g
17.36974792867364,0.812,g
17.370242879014686,0.8130000000000001,g
17.370726414076756,0.8140000000000001,g
17.371198220173017,0.8150000000000001,g
17.371657984265962,0.8160000000000001,g
17.372105394092227,0.8170000000000001,g
17.372540138287818,0.8180000000000001,g
17.37296190651373,0.8190000000000001,g
17.373370389581968,0.8200000000000001,g
17.373765279581775,0.8210000000000001,g
17.374146270006165,0.8220000000000001,g
17.37451305587852,0.8230000000000001,g
17.374865333879413,0.8240000000000001,g
17.3752028024734,0.8250000000000001,g
17.375525162035814,0.8260000000000001,g
17.375832114979513,0.8270000000000001,g
17.37612336588146,0.8280000000000001,g
17.37639862160915,0.8290000000000001,g
17.376657591446744,0.8300000000000001,g
17.3768999872209,0.8310000000000001,g
17.37712552342623,0.8320000000000001,g
17.377333917350306,0.833,g
17.37752488919818,0.834,g
17.377698162216312,0.835,g
17.377853462815878,0.836,g
17.377990520695402,0.837,g
17.378109068962623,0.838,g
17.378208844255514,0.839,g
17.378289586862486,0.84,g
17.378351040841608,0.841,g
17.37839295413879,0.842,g
17.378415078704986,0.843,g
17.378417170612178,0.844,g
17.378398990168243,0.845,g
17.378360302030497,0.846,g
17.378300875317997,0.847,g
17.37822048372239,0.848,g
17.378118905617416,0.849,g
17.37799592416683,0.85,g
17.377851327430836,0.851,g
17.37768490847086,0.852,g
17.377496465452676,0.853,g
17.377285801747796,0.854,g
17.377052726033092,0.855,g
17.376797052388522,0.856,g
17.37651860039303,0.857,g
17.376217195218413,0.858,g
17.375892667721253,0.859,g
17.375544854532738,0.86,g
17.375173598146382,0.861,g
17.374778747003607,0.862,g
17.374360155577047,0.863,g
17.373917684451648,0.864,g
17.373451200403434,0.865,g
17.372960576475887,0.866,g
17.37244569205394,0.867,g
17.371906432935535,0.868,g
17.37134269140064,0.869,g
17.37075436627775,0.87,g
17.37014136300783,0.871,g
17.369503593705552,0.872,g
17.368840977217992,0.873,g
17.368153439180517,0.874,g
17.367440912069995,0.875,g
17.366703335255213,0.876,g
17.365940655044504,0.877,g
17.36515282473052,0.878,g
17.364339804632145,0.879,g
17.36350156213352,0.88,g
17.362638071720127,0.881,g
17.36174931501191,0.882,g
17.360835280793488,0.883,g
17.359895965041257,0.884,g
17.358931370947566,0.885,g
17.357941508941817,0.886,g
17.356926396708516,0.887,g
17.355886059202216,0.888,g
17.35482052865942,0.889,g
17.35372984460733,0.89,g
17.352614053869537,0.891,g
17.351473210568535,0.892,g
17.35030737612514,0.893,g
17.349116619254712,0.894,g
17.347901015960332,0.895,g
17.34666064952275,0.896,g
17.34539561048719,0.897,g
17.344105996647077,0.898,g
17.342791913024524,0.899,g
17.341453471847764,0.9,g
17.340090792525398,0.901,g
17.33870400161754,0.902,g
17.337293232803844,0.903,g
17.335858626848403,0.904,g
17.33440033156159,0.905,g
17.332918501758826,0.906,g
17.33141329921624,0.907,g
17.329884892623348,0.908,g
17.328333457532686,0.909,g
17.32675917630643,0.91,g
17.325162238060063,0.911,g
17.323542838603107,0.912,g
17.321901180376912,0.913,g
17.320237472389522,0.914,g
17.318551930147766,0.915,g
17.31684477558648,0.916,g
17.315116236994847,0.917,g
17.313366548940156,0.918,g
17.31159595218867,0.919,g
17.309804693623956,0.92,g
17.307993026162414,0.921,g
17.30616120866638,0.922,g
17.30430950585455,0.923,g
17.302438188209933,0.924,g
17.30054753188535,0.925,g
17.2986378186065,0.926,g
17.296709335572707,0.927,g
17.294762375355255,0.928,g
17.292797235793568,0.929,g
17.290814219889118,0.93,g
17.288813635697192,0.931,g
17.286795796216566,0.932,g
17.284761019277155,0.933,g
17.28270962742564,0.934,g
17.2806419478092,0.935,g
17.278558312057427,0.936,g
17.276459056162327,0.937,g
17.274344520356706,0.9380000000000001,g
17.272215048990812,0.9390000000000001,g
17.270070990407415,0.9400000000000001,g
17.2679126968153,0.9410000000000001,g
17.26574052416133,0.9420000000000001,g
17.26355483200107,0.9430000000000001,g
17.26135598336811,0.9440000000000001,g
17.259144344642085,0.9450000000000001,g
17.256920285415486,0.9460000000000001,g
17.254684178359437,0.9470000000000001,g
17.252436399088268,0.9480000000000001,g
17.250177326023245,0.9490000000000001,g
17.247907340255278,0.9500000000000001,g
17.24562682540687,0.9510000000000001,g
17.243336167493247,0.9520000000000001,g
17.241035754782835,0.9530000000000001,g
17.238725977657072,0.9540000000000001,g
17.236407228469727,0.9550000000000001,g
17.234079901405703,0.9560000000000001,g
17.23174439233947,0.9570000000000001,g
17.229401098693188,0.9580000000000001,g
17.227050419294542,0.9590000000000001,g
17.22469275423446,0.96,g
17.222328504724675,0.961,g
17.219958072955322,0.962,g
17.217581861952546,0.963,g
17.215200275436267,0.964,g
17.212813717678127,0.965,g
17.210422593359713,0.966,g
17.20802730743115,0.967,g
17.205628264970088,0.968,g
17.20322587104122,0.969,g
17.200820530556317,0.97,g
17.198412648134966,0.971,g
17.196002627965957,0.972,g
17.19359087366951,0.973,g
17.191177788160314,0.974,g
17.18876377351149,0.975,g
17.186349230819577,0.976,g
17.18393456007054,0.977,g
17.181520160006936,0.978,g
17.17910642799623,0.979,g
17.176693759900413,0.98,g
17.17428254994692,0.981,g
17.17187319060093,0.982,g
17.16946607243912,0.983,g
17.167061584024932,0.984,g
17.164660111785402,0.985,g
17.162262039889622,0.986,g
17.15986775012887,0.987,g
17.15747762179851,0.988,g
17.155092031581678,0.989,g
17.15271135343481,0.99,g
17.150335958475075,0.991,g
17.1479662148698,0.992,g
17.145602487727835,0.993,g
17.14324513899303,0.994,g
17.14089452733978,0.995,g
17.138551008070724,0.996,g
17.136214933016653,0.997,g
17.13388665043861,0.998,g
17.1315665049323,0.999,g
17.129254837334813,1.0,g
17.12695198463364,1.0010000000000001,g
17.124658279878172,1.002,g
17.12237405209353,1.0030000000000001,g
17.120099626196904,1.004,g
17.117835322916335,1.0050000000000001,g
17.11558145871205,1.006,g
17.113338345700317,1.0070000000000001,g
17.11110629157986,1.008,g
17.10888559956087,1.0090000000000001,g
16.200425348526437,0.0,r
16.198921644515824,0.001,r
16.197426049106898,0.002,r
16.195938763236196,0.003,r
16.194459982501208,0.004,r
16.192989897126232,0.005,r
16.19152869193249,0.006,r
16.19007654631241,0.007,r
16.18863363420815,0.008,r
16.187200124094193,0.009000000000000001,r
16.185776178964318,0.01,r
16.18436195632245,0.011,r
16.18295760817785,0.012,r
16.18156328104429,0.013000000000000001,r
16.18017911594325,0.014,r
16.178805248411237,0.015,r
16.177441808511013,0.016,r
16.17608892084679,0.017,r
16.174746704583313,0.018000000000000002,r
16.17341527346879,0.019,r
16.17209473586162,0.02,r
16.170785194760875,0.021,r
16.169486747840413,0.022,r
16.1681994874867,0.023,r
16.166923500840102,0.024,r
16.165658869839746,0.025,r
16.164405671271737,0.026000000000000002,r
16.16316397682078,0.027,r
16.161933853125056,0.028,r
16.160715361834303,0.029,r
16.15950855967102,0.03,r
16.15831349849473,0.031,r
16.157130225369144,0.032,r
16.155958782632283,0.033,r
16.1547992079693,0.034,r
16.153651534488056,0.035,r
16.152515790797263,0.036000000000000004,r
16.151392001087167,0.037,r
16.15028018521257,0.038,r
16.14918035877831,0.039,r
16.14809253322678,0.04,r
16.147016715927727,0.041,r
16.14595291026996,0.042,r
16.144901115755015,0.043000000000000003,r
16.14386132809263,0.044,r
16.142833539297904,0.045,r
16.14181773779011,0.046,r
16.140813908492913,0.047,r
16.13982203293608,0.048,r
16.138842089358384,0.049,r
16.1378740528117,0.05,r
16.136917895266237,0.051000000000000004,r
16.13597358571658,0.052000000000000005,r
16.13504109028873,0.053,r
16.13412037234777,0.054,r
16.133211392606206,0.055,r
16.13231410923283,0.056,r
16.13142847796196,0.057,r
16.13055445220301,0.058,r
16.12969198315023,0.059000000000000004,r
16.128841019892562,0.06,r
16.128001509523447,0.061,r
16.127173397250488,0.062,r
16.126356626504933,0.063,r
16.125551139050767,0.064,r
16.12475687509341,0.065,r
16.12397377338781,0.066,r
16.123201771345954,0.067,r
16.1224408051436,0.068,r
16.12169080982616,0.069,r
16.120951719413668,0.07,r
16.120223467004706,0.07100000000000001,r
16.11950598487917,0.07200000000000001,r
16.118799204599856,0.073,r
16.118103057112712,0.074,r
16.1174174728457,0.075,r
16.11674238180614,0.076,r
16.116077713676553,0.077,r
16.11542339790877,0.078,r
16.11477936381636,0.079,r
16.114145540665227,0.08,r
16.113521857762322,0.081,r
16.11290824454242,0.082,r
16.11230463065282,0.083,r
16.11171094603598,0.084,r
16.11112712100999,0.085,r
16.110553086346794,0.08600000000000001,r
16.109988773348157,0.08700000000000001,r
16.109434113919257,0.088,r
16.108889040639895,0.089,r
16.108353486833252,0.09,r
16.10782738663213,0.091,r
16.107310675042672,0.092,r
16.106803288005477,0.093,r
16.10630516245406,0.094,r
16.105816236370707,0.095,r
16.105336448839555,0.096,r
16.104865740096983,0.097,r
16.104404051579223,0.098,r
16.103951325967188,0.099,r
16.103507507228485,0.1,r
16.10307254065659,0.101,r
16.10264637290721,0.10200000000000001,r
16.102228952031727,0.10300000000000001,r
16.101820227507833,0.10400000000000001,r
16.101420150267245,0.105,r
16.101028672720552,0.106,r
16.1006457487792,0.107,r
16.100271333874556,0.108,r
16.09990538497413,0.109,r
16.09954786059492,0.11,r
16.0991987208139,0.111,r
16.09885792727568,0.112,r
16.09852544319731,0.113,r
16.098201233370318,0.114,r
16.09788526415992,0.115,r
16.09757750350155,0.116,r
16.09727792089457,0.117,r
16.096986487393334,0.11800000000000001,r
16.09670317559563,0.11900000000000001,r
16.096427959628382,0.12,r
16.096160815130897,0.121,r
16.09590171923546,0.122,r
16.095650650545522,0.123,r
16.095407589111318,0.124,r
16.09517251640324,0.125,r
16.0949454152827,0.126,r
16.09472626997079,0.127,r
16.09451506601468,0.128,r
16.094311790251805,0.129,r
16.094116430771987,0.13,r
16.09392897687743,0.131,r
16.093749419040748,0.132,r
16.09357774886108,0.133,r
16.093413959018317,0.134,r
16.093258043225543,0.135,r
16.09310999617977,0.136,r
16.092969813510997,0.137,r
16.092837491729725,0.138,r
16.092713028172945,0.139,r
16.092596420948745,0.14,r
16.09248766887953,0.14100000000000001,r
16.09238677144401,0.14200000000000002,r
16.092293728718005,0.14300000000000002,r
16.09220854131412,0.14400000000000002,r
16.092131210320442,0.145,r
16.092061737238293,0.146,r
16.092000123919096,0.147,r
16.09194637250053,0.148,r
16.091900485341963,0.149,r
16.091862464959302,0.15,r
16.091832313959355,0.151,r
16.091810034973722,0.152,r
16.091795630592408,0.153,r
16.091789103297124,0.154,r
16.091790455394474,0.155,r
16.09179968894905,0.156,r
16.091816805716494,0.157,r
16.09184180707673,0.158,r
16.091874693967306,0.159,r
16.091915466817042,0.16,r
16.091964125479993,0.161,r
16.092020669169877,0.162,r
16.092085096395003,0.163,r
16.092157404893772,0.164,r
16.092237591570914,0.165,r
16.092325652434393,0.166,r
16.092421582533266,0.167,r
16.092525375896344,0.168,r
16.09263702547193,0.169,r
16.092756523068537,0.17,r
16.092883859296876,0.171,r
16.093019023512905,0.17200000000000001,r
16.093162003762284,0.17300000000000001,r
16.093312786726106,0.17400000000000002,r
16.09347135766812,0.17500000000000002,r
16.093637700383358,0.176,r
16.093811797148405,0.177,r
16.09399362867322,0.178,r
16.09418317405462,0.179,r
16.094380410731592,0.18,r
16.09458531444226,0.181,r
16.094797859182822,0.182,r
16.095018017168307,0.183,r
16.095245758795276,0.184,r
16.09548105260658,0.185,r
16.095723865258083,0.186,r
16.095974161487522,0.187,r
16.096231904085446,0.188,r
16.096497053868354,0.189,r
16.096769569654008,0.19,r
16.097049408238966,0.191,r
16.097336524378413,0.192,r
16.097630870768242,0.193,r
16.09793239802946,0.194,r
16.098241054694945,0.195,r
16.09855678719854,0.196,r
16.09887953986655,0.197,r
16.09920925491158,0.198,r
16.099545872428845,0.199,r
16.099889330394813,0.2,r
16.10023956466835,0.201,r
16.100596508994222,0.202,r
16.100960095009043,0.203,r
16.101330252249674,0.20400000000000001,r
16.10170690816401,0.20500000000000002,r
16.10208998812419,0.20600000000000002,r
16.10247941544221,0.20700000000000002,r
16.10287511138797,0.20800000000000002,r
16.103276995209605,0.209,r
16.103684984156306,0.21,r
16.10409899350338,0.211,r
16.104518936579687,0.212,r
16.10494472479735,0.213,r
16.105376267683738,0.214,r
16.105813472915735,0.215,r
16.10625624635611,0.216,r
16.106704492092206,0.217,r
16.107158112476636,0.218,r
16.107617008170173,0.219,r
16.108081078186625,0.22,r
16.108550219939797,0.221,r
16.109024329292335,0.222,r
16.109503300606598,0.223,r
16.109987026797302,0.224,r
16.110475399386036,0.225,r
16.110968308557556,0.226,r
16.11146564321773,0.227,r
16.1119672910532,0.228,r
16.112473138592605,0.229,r
16.112983071269333,0.23,r
16.11349697348576,0.231,r
16.11401472867889,0.232,r
16.114536219387315,0.233,r
16.11506132731949,0.234,r
16.11558993342316,0.23500000000000001,r
16.116121917955958,0.23600000000000002,r
16.116657160557068,0.23700000000000002,r
16.117195540319845,0.23800000000000002,r
16.117736935865388,0.23900000000000002,r
16.118281225416936,0.24,r
16.118828286875054,0.241,r
16.119377997893483,0.242,r
16.119930235955632,0.243,r
16.120484878451574,0.244,r
16.121041802755546,0.245,r
16.121600886303813,0.246,r
16.122162006672813,0.247,r
16.12272504165755,0.248,r
16.123289869350142,0.249,r
16.123856368218394,0.25,r
16.124424417184393,0.251,r
16.12499389570298,0.252,r
16.12556468384009,0.253,r
16.126136662350774,0.254,r
16.126709712756956,0.255,r
16.127283717424717,0.256,r
16.127858559641123,0.257,r
16.128434123690496,0.258,r
16.129010294929987,0.259,r
16.129586959864508,0.26,r
16.130164006220745,0.261,r
16.130741323020438,0.262,r
16.131318800652593,0.263,r
16.13189633094474,0.264,r
16.13247380723308,0.265,r
16.133051124431443,0.266,r
16.133628179099063,0.267,r
16.134204869506984,0.268,r
16.13478109570313,0.269,r
16.13535675957597,0.27,r
16.13593176491659,0.271,r
16.136506017479277,0.272,r
16.137079425040465,0.273,r
16.137651897455953,0.274,r
16.138223346716444,0.275,r
16.138793687001183,0.276,r
16.13936283472988,0.277,r
16.13993070861259,0.278,r
16.140497229697697,0.279,r
16.14106232141793,0.28,r
16.141625909634215,0.281,r
16.142187922677536,0.28200000000000003,r
16.14274829138863,0.28300000000000003,r
16.143306949155434,0.28400000000000003,r
16.143863831948412,0.28500000000000003,r
16.144418878353566,0.28600000000000003,r
16.14497202960318,0.28700000000000003,r
16.145523229604244,0.28800000000000003,r
16.146072424964512,0.289,r
16.146619565016252,0.29,r
16.147164601837506,0.291,r
16.147707490271006,0.292,r
16.148248187940624,0.293,r
16.14878665526537,0.294,r
16.14932285547092,0.295,r
16.149856754598694,0.296,r
16.15038832151239,0.297,r
16.1509175279021,0.298,r
16.151444348285846,0.299,r
16.151968760008685,0.3,r
16.15249074323929,0.301,r
16.15301028096404,0.302,r
16.15352735897859,0.303,r
16.154041965877045,0.304,r
16.154554093038566,0.305,r
16.155063734611616,0.306,r
16.15557088749568,0.307,r
16.156075551320658,0.308,r
16.156577728423773,0.309,r
16.157077423824163,0.31,r
16.157574645195133,0.311,r
16.158069402834016,0.312,r
16.158561709629833,0.313,r
16.159051581028642,0.314,r
16.15953903499668,0.315,r
16.160024091981334,0.316,r
16.160506774869955,0.317,r
16.160987108946554,0.318,r
16.161465121846504,0.319,r
16.16194084350915,0.32,r
16.1624143061285,0.321,r
16.162885544101993,0.322,r
16.163354593977427,0.323,r
16.16382149439802,0.324,r
16.164286286045794,0.325,r
16.164749011583186,0.326,r
16.165209715593072,0.327,r
16.16566844451722,0.328,r
16.166125246593182,0.329,r
16.166580171789775,0.33,r
16.167033271741147,0.331,r
16.16748459967957,0.332,r
16.167934210366894,0.333,r
16.168382160024922,0.334,r
16.16882850626457,0.335,r
16.169273308014073,0.336,r
16.169716625446128,0.337,r
16.170158519904227,0.338,r
16.170599053828113,0.339,r
16.171038290678464,0.34,r
16.171476294860977,0.341,r
16.171913131649763,0.342,r
16.172348867110276,0.343,r
16.172783568021796,0.34400000000000003,r
16.173217301799486,0.34500000000000003,r
16.173650136416214,0.34600000000000003,r
16.174082140324128,0.34700000000000003,r
16.174513382376116,0.34800000000000003,r
16.17494393174715,0.34900000000000003,r
16.175373857855746,0.35000000000000003,r
16.175803230285403,0.35100000000000003,r
16.176232118706295,0.352,r
16.176660592797187,0.353,r
16.177088722167667,0.354,r
16.177516576280798,0.355,r
16.17794422437623,0.356,r
16.178371735393867,0.357,r
16.178799177898185,0.358,r
16.17922662000322,0.359,r
16.17965412929834,0.36,r
16.180081772774876,0.361,r
16.18050961675367,0.362,r
16.180937726813585,0.363,r
16.181366167721098,0.364,r
16.181795003360996,0.365,r
16.18222429666832,0.366,r
16.18265410956146,0.367,r
16.183084502876675,0.368,r
16.183515536303965,0.369,r
16.18394726832433,0.37,r
16.184379756148633,0.371,r
16.184813055657916,0.372,r
16.18524722134546,0.373,r
16.185682306260375,0.374,r
16.18611836195304,0.375,r
16.186555438422236,0.376,r
16.186993584064147,0.377,r
16.18743284562322,0.378,r
16.187873268144926,0.379,r
16.18831489493052,0.38,r
16.188757767493755,0.381,r
16.189201925519665,0.382,r
16.18964740682541,0.383,r
16.19009424732327,0.384,r
16.19054248098568,0.385,r
16.190992139812572,0.386,r
16.191443253800823,0.387,r
16.191895850915945,0.388,r
16.19234995706605,0.389,r
16.19280559607806,0.39,r
16.19326278967622,0.391,r
16.19372155746288,0.392,r
16.194181916901652,0.393,r
16.19464388330283,0.394,r
16.195107469811205,0.395,r
16.195572687396155,0.396,r
16.196039544844155,0.397,r
16.196508048753582,0.398,r
16.196978203531895,0.399,r
16.1974500113951,0.4,r
16.197923472369677,0.401,r
16.198398584296655,0.402,r
16.198875342838196,0.403,r
16.19935374148631,0.404,r
16.199833771573996,0.405,r
16.200315422288572,0.406,r
16.200798680687257,0.40700000000000003,r
16.201283531715035,0.40800000000000003,r
16.201769958224677,0.40900000000000003,r
16.202257940998944,0.41000000000000003,r
16.202747458774937,0.41100000000000003,r
16.20323848827056,0.41200000000000003,r
16.20373100421309,0.41300000000000003,r
16.20422497936975,0.41400000000000003,r
16.204720384580334,0.41500000000000004,r
16.205217188791707,0.41600000000000004,r
16.2057153590944,0.417,r
16.206214860760866,0.418,r
16.20671565728579,0.419,r
16.20721771042801,0.42,r
16.20772098025428,0.421,r
16.20822542518468,0.422,r
16.20873100203966,0.423,r
16.20923766608868,0.424,r
16.20974537110036,0.425,r
16.2102540693941,0.426,r
16.21076371189308,0.427,r
16.21127424817866,0.428,r
16.211785626546007,0.429,r
16.21229779406099,0.43,r
16.212810696618178,0.431,r
16.21332427899999,0.432,r
16.213838484936826,0.433,r
16.214353257168153,0.434,r
16.214868537504525,0.435,r
16.215384266890343,0.436,r
16.215900385467478,0.437,r
16.216416832639453,0.438,r
16.216933547136307,0.439,r
16.217450467079974,0.44,r
16.217967530050128,0.441,r
16.218484673150414,0.442,r
16.219001833075005,0.443,r
16.219518946175402,0.444,r
16.220035948527393,0.445,r
16.22055277599813,0.446,r
16.221069364313234,0.447,r
16.22158564912381,0.448,r
16.222101566073402,0.449,r
16.222617050864717,0.45,r
16.223132039326064,0.451,r
16.223646467477533,0.452,r
16.22416027159665,0.453,r
16.224673388283662,0.454,r
16.225185754526194,0.455,r
16.22569730776333,0.456,r
16.226207985948957,0.457,r
16.226717727614407,0.458,r
16.22722647193024,0.459,r
16.227734158767138,0.46,r
16.228240728755843,0.461,r
16.228746123346088,0.462,r
16.229250284864406,0.463,r
16.22975315657088,0.464,r
16.230254682714556,0.465,r
16.230754808587726,0.466,r
16.2312534805788,0.467,r
16.231750646223848,0.468,r
16.23224625425667,0.46900000000000003,r
16.232740254657426,0.47000000000000003,r
16.23323259869972,0.47100000000000003,r
16.233723238996053,0.47200000000000003,r
16.234212129541728,0.47300000000000003,r
16.234699225757023,0.47400000000000003,r
16.235184484527625,0.47500000000000003,r
16.235667864243375,0.47600000000000003,r
16.23614932483514,0.47700000000000004,r
16.236628827809877,0.47800000000000004,r
16.23710633628385,0.47900000000000004,r
16.237581815013876,0.48,r
16.238055230426664,0.481,r
16.238526550646217,0.482,r
16.238995745519176,0.483,r
16.239462786638203,0.484,r
16.23992764736327,0.485,r
16.240390302840932,0.486,r
16.240850730021478,0.487,r
16.24130890767402,0.488,r
16.241764816399456,0.489,r
16.242218438641313,0.49,r
16.24266975869447,0.491,r
16.243118762711717,0.492,r
16.24356543870826,0.493,r
16.244009776563942,0.494,r
16.2444517680235,0.495,r
16.244891406694524,0.496,r
16.245328688043415,0.497,r
16.245763609389126,0.498,r
16.24619616989488,0.499,r
16.246626370557713,0.5,r
16.24705421419598,0.501,r
16.2474797054348,0.502,r
16.247902850689414,0.503,r
16.248323658146596,0.504,r
16.248742137743978,0.505,r
16.249158301147464,0.506,r
16.2495721617267,0.507,r
16.249983734528602,0.508,r
16.25039303624903,0.509,r
16.250800085202627,0.51,r
16.251204901290826,0.511,r
16.251607505968114,0.512,r
16.252007922206566,0.513,r
16.2524061744587,0.514,r
16.252802288618692,0.515,r
16.253196291982004,0.516,r
16.253588213203507,0.517,r
16.253978082254026,0.518,r
16.254365930375556,0.519,r
16.25475179003505,0.52,r
16.255135694876834,0.521,r
16.25551767967384,0.522,r
16.25589778027756,0.523,r
16.25627603356689,0.524,r
16.25665247739586,0.525,r
16.257027150540328,0.526,r
16.257400092643767,0.527,r
16.25777134416206,0.528,r
16.258140946307545,0.529,r
16.25850894099227,0.53,r
16.258875370770507,0.531,r
16.259240278780698,0.532,r
16.25960370868679,0.533,r
16.25996570461912,0.534,r
16.260326311114817,0.535,r
16.26068557305796,0.536,r
16.261043535619326,0.537,r
16.261400244196043,0.538,r
16.261755744351024,0.539,r
16.26211008175243,0.54,r
16.262463302113026,0.541,r
16.262815451129736,0.542,r
16.26316657442329,0.543,r
16.263516717478083,0.544,r
16.2638659255824,0.545,r
16.264214243768944,0.546,r
16.264561716755836,0.547,r
16.264908388888156,0.548,r
16.26525430408003,0.549,r
16.265599505757372,0.55,r
16.265944036801358,0.551,r
16.266287939492738,0.552,r
16.266631255456915,0.553,r
16.266974025610043,0.554,r
16.26731629010606,0.555,r
16.26765808828481,0.556,r
16.26799945862127,0.557,r
16.26834043867595,0.558,r
16.268681065046604,0.559,r
16.269021373321138,0.56,r
16.269361398032,0.561,r
16.26970117261188,0.562,r
16.270040729350995,0.5630000000000001,r
16.270380099355798,0.5640000000000001,r
16.27071931250937,0.5650000000000001,r
16.27105839743337,0.5660000000000001,r
16.271397381451706,0.5670000000000001,r
16.27173629055591,0.5680000000000001,r
16.272075149372338,0.5690000000000001,r
16.272413981131105,0.5700000000000001,r
16.272752807636966,0.5710000000000001,r
16.273091649242023,0.5720000000000001,r
16.27343052482042,0.5730000000000001,r
16.273769451744972,0.5740000000000001,r
16.274108445865807,0.5750000000000001,r
16.27444752149105,0.5760000000000001,r
16.274786691369545,0.577,r
16.275125966675688,0.578,r
16.275465356996346,0.579,r
16.275804870319924,0.58,r
16.276144513027578,0.581,r
16.276484289886586,0.582,r
16.276824204045898,0.583,r
16.277164257033892,0.584,r
16.277504448758297,0.585,r
16.27784477750837,0.586,r
16.27818523995923,0.587,r
16.278525831178456,0.588,r
16.27886654463481,0.589,r
16.279207372209306,0.59,r
16.279548304208323,0.591,r
16.279889329379,0.592,r
16.280230434926803,0.593,r
16.28057160653522,0.594,r
16.28091282838765,0.595,r
16.28125408319138,0.596,r
16.281595352203713,0.597,r
16.2819366152601,0.598,r
16.282277850804444,0.599,r
16.282619035921353,0.6,r
16.282960146370392,0.601,r
16.28330115662231,0.602,r
16.28364203989725,0.603,r
16.283982768204716,0.604,r
16.284323312385514,0.605,r
16.28466364215547,0.606,r
16.285003726150816,0.607,r
16.28534353197542,0.608,r
16.285683026249572,0.609,r
16.28602217466045,0.61,r
16.286360942014078,0.611,r
16.286699292288862,0.612,r
16.287037188690494,0.613,r
16.287374593708265,0.614,r
16.287711469172717,0.615,r
16.28804777631453,0.616,r
16.2883834758246,0.617,r
16.288718527915265,0.618,r
16.289052892382568,0.619,r
16.289386528669503,0.62,r
16.28971939593019,0.621,r
16.290051453094907,0.622,r
16.290382658935858,0.623,r
16.290712972133633,0.624,r
16.291042351344355,0.625,r
16.291370755267273,0.626,r
16.29169814271287,0.627,r
16.292024472671375,0.628,r
16.292349704381497,0.629,r
16.29267379739947,0.63,r
16.29299671166819,0.631,r
16.29331840758642,0.632,r
16.293638846077954,0.633,r
16.29395798866071,0.634,r
16.294275797515592,0.635,r
16.294592235555132,0.636,r
16.294907266491673,0.637,r
16.29522085490523,0.638,r
16.29553296631074,0.639,r
16.295843567224747,0.64,r
16.29615262523134,0.641,r
16.296460109047384,0.642,r
16.29676598858684,0.643,r
16.297070235024158,0.644,r
16.297372820856637,0.645,r
16.297673719965687,0.646,r
16.29797290767695,0.647,r
16.298270360819014,0.648,r
16.298566057780974,0.649,r
16.2988599785684,0.65,r
16.29915210485793,0.651,r
16.299442420050212,0.652,r
16.299730909321212,0.653,r
16.300017559671822,0.654,r
16.300302359975657,0.655,r
16.300585301024995,0.656,r
16.30086637557476,0.657,r
16.30114557838455,0.658,r
16.301422906258544,0.659,r
16.301698358083353,0.66,r
16.301971934863595,0.661,r
16.302243639755286,0.662,r
16.30251347809691,0.663,r
16.302781457438105,0.664,r
16.303047587565956,0.665,r
16.303311880528796,0.666,r
16.30357435065754,0.667,r
16.30383501458439,0.668,r
16.304093891258997,0.669,r
16.30435100196192,0.67,r
16.304606370315454,0.671,r
16.30486002229168,0.672,r
16.30511198621781,0.673,r
16.30536229277867,0.674,r
16.305610975016478,0.675,r
16.30585806832765,0.676,r
16.30610361045685,0.677,r
16.306347641488085,0.678,r
16.306590203832904,0.679,r
16.30683134221574,0.68,r
16.307071103656217,0.681,r
16.307309537448624,0.682,r
16.30754669513838,0.683,r
16.30778263049556,0.684,r
16.308017399485507,0.685,r
16.308251060236447,0.686,r
16.308483673004257,0.687,r
16.308715300134168,0.6880000000000001,r
16.308946006019706,0.6890000000000001,r
16.30917585705862,0.6900000000000001,r
16.309404921605978,0.6910000000000001,r
16.309633269924404,0.6920000000000001,r
16.309860974131464,0.6930000000000001,r
16.310088108144253,0.6940000000000001,r
16.310314747621206,0.6950000000000001,r
16.310540969901176,0.6960000000000001,r
16.310766853939782,0.6970000000000001,r
16.310992480243087,0.6980000000000001,r
16.311217930798723,0.6990000000000001,r
16.31144328900432,0.7000000000000001,r
16.3116686395935,0.7010000000000001,r
16.311894068559344,0.7020000000000001,r
16.312119663075464,0.7030000000000001,r
16.31234551141467,0.704,r
16.312571702865345,0.705,r
16.312798327645595,0.706,r
16.313025476815156,0.707,r
16.313253242185255,0.708,r
16.313481716226377,0.709,r
16.313710991974087,0.71,r
16.313941162932906,0.711,r
16.314172322978433,0.712,r
16.31440456625766,0.713,r
16.314637987087682,0.714,r
16.314872679852755,0.715,r
16.31510873889995,0.716,r
16.315346258433344,0.717,r
16.315585332406894,0.718,r
16.315826054416124,0.719,r
16.31606851758864,0.72,r
16.316312814473655,0.721,r
16.316559036930535,0.722,r
16.316807276016508,0.723,r
16.31705762187368,0.724,r
16.317310163615335,0.725,r
16.31756498921175,0.726,r
16.31782218537558,0.727,r
16.31808183744686,0.728,r
16.31834402927785,0.729,r
16.318608843117687,0.73,r
16.31887635949711,0.731,r
16.319146657113198,0.732,r
16.319419812714372,0.733,r
16.3196959009857,0.734,r
16.319974994434574,0.735,r
16.320257163277006,0.736,r
16.32054247532449,0.737,r
16.32083099587165,0.738,r
16.32112278758476,0.739,r
16.321417910391208,0.74,r
16.321716421370045,0.741,r
16.322018374643758,0.742,r
16.3223238212713,0.743,r
16.32263280914254,0.744,r
16.32294538287426,0.745,r
16.323261583707698,0.746,r
16.32358144940793,0.747,r
16.323905014164954,0.748,r
16.32423230849685,0.749,r
16.324563359154833,0.75,r
16.3248981890306,0.751,r
16.32523681706579,0.752,r
16.32557925816384,0.753,r
16.32592552310435,0.754,r
16.32627561845978,0.755,r
16.326629546515033,0.756,r
16.326987305189554,0.757,r
16.32734888796236,0.758,r
16.327714283799875,0.759,r
16.328083477086878,0.76,r
16.328456447560352,0.761,r
16.328833170246654,0.762,r
16.32921361540181,0.763,r
16.32959774845513,0.764,r
16.329985529956236,0.765,r
16.33037691552554,0.766,r
16.330771855808226,0.767,r
16.331170296431807,0.768,r
16.3315721779674,0.769,r
16.33197743589465,0.77,r
16.332386000570462,0.771,r
16.332797797201533,0.772,r
16.3332127458208,0.773,r
16.333630761267784,0.774,r
16.334051753172922,0.775,r
16.334475625945917,0.776,r
16.33490227876811,0.777,r
16.33533160558901,0.778,r
16.33576349512687,0.779,r
16.33619783087348,0.78,r
16.33663449110308,0.781,r
16.33707334888551,0.782,r
16.33751427210358,0.783,r
16.33795712347462,0.784,r
16.33840176057635,0.785,r
16.338848035876936,0.786,r
16.339295796769353,0.787,r
16.339744885609935,0.788,r
16.340195139761263,0.789,r
16.34064639163921,0.79,r
16.341098468764333,0.791,r
16.341551193817317,0.792,r
16.342004384698818,0.793,r
16.342457854593334,0.794,r
16.342911412037314,0.795,r
16.34336486099133,0.796,r
16.343818000916432,0.797,r
16.344270626854474,0.798,r
16.344722529512513,0.799,r
16.345173495351148,0.8,r
16.345623306676814,0.801,r
16.346071741737934,0.802,r
16.346518574824916,0.803,r
16.346963576373906,0.804,r
16.347406513074215,0.805,r
16.347847147979472,0.806,r
16.348285240622243,0.807,r
16.348720547132235,0.808,r
16.349152820357915,0.809,r
16.34958180999144,0.81,r
16.350007262696924,0.811,r
16.350428922241814,0.812,r
16.350846529631472,0.8130000000000001,r
16.35125982324667,0.8140000000000001,r
16.351668538984082,0.8150000000000001,r
16.35207241039956,0.8160000000000001,r
16.352471168854144,0.8170000000000001,r
16.352864543662733,0.8180000000000001,r
16.353252262245263,0.8190000000000001,r
16.3536340502803,0.8200000000000001,r
16.354009631860936,0.8210000000000001,r
16.354378729652954,0.8220000000000001,r
16.35474106505502,0.8230000000000001,r
16.35509635836087,0.8240000000000001,r
16.355444328923408,0.8250000000000001,r
16.355784695320455,0.8260000000000001,r
16.356117175522233,0.8270000000000001,r
16.356441487060284,0.8280000000000001,r
16.356757347197778,0.8290000000000001,r
16.35706447310112,0.8300000000000001,r
16.35736258201261,0.8310000000000001,r
16.35765139142422,0.8320000000000001,r
16.357930619252127,0.833,r
16.358199984012096,0.834,r
16.35845920499536,0.835,r
16.35870800244515,0.836,r
16.358946097733412,0.837,r
16.359173213537833,0.838,r
16.35938907401894,0.839,r
16.359593404997142,0.84,r
16.3597859341296,0.841,r
16.35996639108675,0.842,r
16.36013450772843,0.843,r
16.360290018279365,0.844,r
16.360432659503985,0.845,r
16.360562170880343,0.846,r
16.360678294773084,0.847,r
16.360780776605267,0.848,r
16.360869365028943,0.849,r
16.360943812094373,0.85,r
16.36100387341769,0.851,r
16.361049308346946,0.852,r
16.36107988012637,0.853,r
16.361095356058748,0.854,r
16.36109550766573,0.855,r
16.361080110846054,0.856,r
16.36104894603141,0.857,r
16.36100179833997,0.858,r
16.36093845772737,0.859,r
16.360858719135067,0.86,r
16.360762382635944,0.861,r
16.360649253577026,0.862,r
16.360519142719234,0.863,r
16.360371866374052,0.864,r
16.36020724653698,0.865,r
16.360025111017695,0.866,r
16.359825293566807,0.867,r
16.359607633999083,0.868,r
16.359371978313103,0.869,r
16.359118178807183,0.87,r
16.358846094191545,0.871,r
16.358555589696543,0.872,r
16.358246537177,0.873,r
16.357918815212408,0.874,r
16.357572309203103,0.875,r
16.357206911462118,0.876,r
16.35682252130285,0.877,r
16.3564190451223,0.878,r
16.355996396479963,0.879,r
16.355554496172193,0.88,r
16.35509327230204,0.881,r
16.35461266034449,0.882,r
16.35411260320707,0.883,r
16.35359305128573,0.884,r
16.353053962515972,0.885,r
16.35249530241927,0.886,r
16.351917044144564,0.887,r
16.35131916850497,0.888,r
16.350701664009566,0.889,r
16.35006452689033,0.89,r
16.349407761124027,0.891,r
16.348731378449262,0.892,r
16.3480353983785,0.893,r
16.347319848205128,0.894,r
16.34658476300554,0.895,r
16.345830185636217,0.896,r
16.345056166725854,0.897,r
16.34426276466246,0.898,r
16.343450045575555,0.899,r
16.34261808331334,0.9,r
16.34176695941499,0.901,r
16.340896763077986,0.902,r
16.340007591120596,0.903,r
16.339099547939444,0.904,r
16.338172745462277,0.905,r
16.337227303095972,0.906,r
16.336263347669714,0.907,r
16.335281013373518,0.908,r
16.334280441692115,0.909,r
16.33326178133414,0.91,r
16.332225188156862,0.911,r
16.33117082508637,0.912,r
16.330098862033328,0.913,r
16.329009475804376,0.914,r
16.327902850009252,0.915,r
16.326779174963633,0.916,r
16.3256386475879,0.917,r
16.324481471301766,0.918,r
16.323307855914987,0.919,r
16.322118017514107,0.92,r
16.320912178345434,0.921,r
16.319690566694277,0.922,r
16.318453416760555,0.923,r
16.31720096853089,0.924,r
16.31593346764726,0.925,r
16.31465116527231,0.926,r
16.31335431795149,0.927,r
16.31204318747201,0.928,r
16.310718040718825,0.929,r
16.30937914952775,0.93,r
16.308026790535735,0.931,r
16.306661245028522,0.932,r
16.30528279878575,0.933,r
16.303891741923607,0.934,r
16.3024883687352,0.935,r
16.30107297752874,0.936,r
16.299645870463664,0.937,r
16.29820735338482,0.9380000000000001,r
16.29675773565487,0.9390000000000001,r
16.295297329984972,0.9400000000000001,r
16.29382645226397,0.9410000000000001,r
16.292345421386134,0.9420000000000001,r
16.29085455907761,0.9430000000000001,r
16.289354189721738,0.9440000000000001,r
16.287844640183355,0.9450000000000001,r
16.286326239632167,0.9460000000000001,r
16.284799319365423,0.9470000000000001,r
16.283264212629916,0.9480000000000001,r
16.281721254443564,0.9490000000000001,r
16.28017078141656,0.9500000000000001,r
16.278613131572374,0.9510000000000001,r
16.277048644168616,0.9520000000000001,r
16.275477659517993,0.9530000000000001,r
16.27390051880944,0.9540000000000001,r
16.27231756392952,0.9550000000000001,r
16.27072913728434,0.9560000000000001,r
16.269135581621992,0.9570000000000001,r
16.26753723985574,0.9580000000000001,r
16.265934454888008,0.9590000000000001,r
16.264327569435366,0.96,r
16.2627169258546,0.961,r
16.261102865969985,0.962,r
16.259485730901932,0.963,r
16.257865860897056,0.964,r
16.25624359515991,0.965,r
16.2546192716863,0.966,r
16.252993227098578,0.967,r
16.25136579648275,0.968,r
16.24973731322771,0.969,r
16.24810810886659,0.97,r
16.24647851292045,0.971,r
16.244848852744287,0.972,r
16.243219453375577,0.973,r
16.241590637385386,0.974,r
16.239962724732163,0.975,r
16.238336032618367,0.976,r
16.23671087534991,0.977,r
16.235087564198647,0.978,r
16.233466407267855,0.979,r
16.231847709360927,0.98,r
16.230231771853273,0.981,r
16.228618892567518,0.982,r
16.22700936565212,0.983,r
16.225403481463438,0.984,r
16.223801526451346,0.985,r
16.22220378304842,0.986,r
16.22061052956284,0.987,r
16.219022040074975,0.988,r
16.217438584337785,0.989,r
16.215860427681047,0.99,r
16.214287830919456,0.991,r
16.212721050264726,0.992,r
16.21116033724157,0.993,r
16.209605938607798,0.994,r
16.208058096278414,0.995,r
16.20651704725382,0.996,r
16.204983023552135,0.997,r
16.203456252145656,0.998,r
16.201936954901512,0.999,r
16.200425348526437,1.0,r
16.198921644515824,1.0010000000000001,r
16.197426049106898,1.002,r
16.195938763236196,1.0030000000000001,r
16.194459982501208,1.004,r
16.192989897126232,1.0050000000000001,r
16.19152869193249,1.006,r
16.19007654631241,1.0070000000000001,r
16.18863363420815,1.008,r
16.187200124094197,1.0090000000000001,r
15.821690560882928,0.0,i
15.820564545922144,0.001,i
15.819440384288816,0.002,i
15.818318213533647,0.003,i
15.817198170567377,0.004,i
15.816080391632799,0.005,i
15.814965012277073,0.006,i
15.813852167324217,0.007,i
15.81274199084788,0.008,i
15.811634616144355,0.009000000000000001,i
15.810530175705848,0.01,i
15.809428801194013,0.011,i
15.808330623413747,0.012,i
15.8072357722873,0.013000000000000001,i
15.806144376828627,0.014,i
15.805056565118061,0.015,i
15.803972464277274,0.016,i
15.80289220044454,0.017,i
15.801815898750322,0.018000000000000002,i
15.800743683293174,0.019,i
15.799675677115951,0.02,i
15.79861200218237,0.021,i
15.797552779353895,0.022,i
15.796498128366967,0.023,i
15.795448167810592,0.024,i
15.794403015104264,0.025,i
15.793362786476251,0.026000000000000002,i
15.792327596942258,0.027,i
15.79129756028445,0.028,i
15.790272789030851,0.029,i
15.78925339443512,0.03,i
15.788239486456701,0.031,i
15.787231173741409,0.032,i
15.786228563602334,0.033,i
15.785231762001212,0.034,i
15.784240873530157,0.035,i
15.783256001393829,0.036000000000000004,i
15.78227724739197,0.037,i
15.781304711902415,0.038,i
15.78033849386446,0.039,i
15.779378690762707,0.04,i
15.77842539861128,0.041,i
15.777478711938526,0.042,i
15.776538723772106,0.043000000000000003,i
15.775605525624538,0.044,i
15.774679207479188,0.045,i
15.773759857776676,0.046,i
15.772847563401756,0.047,i
15.77194240967062,0.048,i
15.77104448031867,0.049,i
15.770153857488717,0.05,i
15.769270621719661,0.051000000000000004,i
15.768394851935609,0.052000000000000005,i
15.767526625435448,0.053,i
15.766666017882894,0.054,i
15.765813103296987,0.055,i
15.764967954043044,0.056,i
15.764130640824103,0.057,i
15.763301232672786,0.058,i
15.762479796943676,0.059000000000000004,i
15.761666399306122,0.06,i
15.760861103737533,0.061,i
15.76006397251712,0.062,i
15.759275066220143,0.063,i
15.758494443712566,0.064,i
15.75772216214624,0.065,i
15.756958276954522,0.066,i
15.756202841848356,0.067,i
15.755455908812845,0.068,i
15.754717528104278,0.069,i
15.753987748247615,0.07,i
15.753266616034445,0.07100000000000001,i
15.752554176521413,0.07200000000000001,i
15.751850473029105,0.073,i
15.75115554714139,0.074,i
15.750469438705235,0.075,i
15.749792185830968,0.076,i
15.749123824893003,0.077,i
15.748464390531018,0.078,i
15.747813915651593,0.079,i
15.747172431430297,0.08,i
15.746539967314224,0.081,i
15.745916551024962,0.082,i
15.745302208562038,0.083,i
15.744696964206778,0.084,i
15.744100840526617,0.085,i
15.743513858379846,0.08600000000000001,i
15.742936036920783,0.08700000000000001,i
15.742367393605395,0.088,i
15.74180794419732,0.089,i
15.741257702774336,0.09,i
15.740716681735238,0.091,i
15.740184891807129,0.092,i
15.739662342053135,0.093,i
15.739149039880521,0.094,i
15.738644991049219,0.095,i
15.738150199680733,0.096,i
15.737664668267485,0.097,i
15.737188397682504,0.098,i
15.73672138718954,0.099,i
15.736263634453541,0.1,i
15.735815135551515,0.101,i
15.735375884983767,0.10200000000000001,i
15.734945875685499,0.10300000000000001,i
15.734525099038779,0.10400000000000001,i
15.73411354488487,0.105,i
15.733711201536904,0.106,i
15.733318055792912,0.107,i
15.732934092949204,0.108,i
15.732559296814056,0.109,i
15.732193649721768,0.11,i
15.731837132547023,0.111,i
15.731489724719566,0.112,i
15.73115140423922,0.113,i
15.730822147691184,0.114,i
15.730501930261637,0.115,i
15.730190725753658,0.116,i
15.729888506603421,0.117,i
15.729595243896673,0.11800000000000001,i
15.729310907385496,0.11900000000000001,i
15.729035465505337,0.12,i
15.7287688853923,0.121,i
15.728511132900705,0.122,i
15.728262172620887,0.123,i
15.728021967897257,0.124,i
15.72779048084658,0.125,i
15.727567672376496,0.126,i
15.727353502204274,0.127,i
15.727147928875763,0.128,i
15.726950909784584,0.129,i
15.726762401191484,0.13,i
15.726582358243931,0.131,i
15.726410734995868,0.132,i
15.726247484427676,0.133,i
15.726092558466274,0.134,i
15.725945908005432,0.135,i
15.725807482926221,0.136,i
15.725677232117615,0.137,i
15.725555103497253,0.138,i
15.72544104403233,0.139,i
15.725334999760628,0.14,i
15.725236915811672,0.14100000000000001,i
15.72514673642799,0.14200000000000002,i
15.725064404986503,0.14300000000000002,i
15.72498986402001,0.14400000000000002,i
15.724923055238769,0.145,i
15.724863919552158,0.146,i
15.724812397090432,0.147,i
15.72476842722655,0.148,i
15.724731948598055,0.149,i
15.724702899129037,0.15,i
15.724681216052115,0.151,i
15.724666835930506,0.152,i
15.72465969468009,0.153,i
15.724659727591531,0.154,i
15.724666869352406,0.155,i
15.72468105406936,0.156,i
15.724702215290257,0.157,i
15.72473028602635,0.158,i
15.724765198774426,0.159,i
15.72480688553894,0.16,i
15.724855277854136,0.161,i
15.724910306806146,0.162,i
15.72497190305503,0.163,i
15.725039996856799,0.164,i
15.725114518085368,0.165,i
15.725195396254476,0.166,i
15.725282560539519,0.167,i
15.725375939799337,0.168,i
15.725475462597899,0.169,i
15.725581057225925,0.17,i
15.72569265172242,0.171,i
15.725810173896075,0.17200000000000001,i
15.725933551346625,0.17300000000000001,i
15.726062711486046,0.17400000000000002,i
15.726197581559651,0.17500000000000002,i
15.726338088667077,0.176,i
15.726484159783128,0.177,i
15.72663572177849,0.178,i
15.726792701440296,0.179,i
15.726955025492554,0.18,i
15.72712262061642,0.181,i
15.7272954134703,0.182,i
15.727473330709804,0.183,i
15.727656299007519,0.184,i
15.727844245072598,0.185,i
15.72803709567018,0.186,i
15.728234777640633,0.187,i
15.728437217918552,0.188,i
15.728644343551627,0.189,i
15.72885608171926,0.19,i
15.72907235975098,0.191,i
15.729293105144663,0.192,i
15.729518245584513,0.193,i
15.729747708958826,0.194,i
15.729981423377522,0.195,i
15.730219317189453,0.196,i
15.73046131899946,0.197,i
15.730707357685194,0.198,i
15.730957362413687,0.199,i
15.731211262657677,0.2,i
15.731468988211677,0.201,i
15.731730469207772,0.202,i
15.731995636131163,0.203,i
15.73226441983546,0.20400000000000001,i
15.73253675155766,0.20500000000000002,i
15.732812562932892,0.20600000000000002,i
15.733091786008877,0.20700000000000002,i
15.733374353260075,0.20800000000000002,i
15.733660197601592,0.209,i
15.73394925240277,0.21,i
15.734241451500484,0.211,i
15.734536729212177,0.212,i
15.734835020348555,0.213,i
15.735136260226017,0.214,i
15.73544038467877,0.215,i
15.735747330070627,0.216,i
15.736057033306528,0.217,i
15.736369431843734,0.218,i
15.736684463702698,0.219,i
15.737002067477656,0.22,i
15.737322182346878,0.221,i
15.7376447480826,0.222,i
15.737969705060669,0.223,i
15.738296994269835,0.224,i
15.73862655732073,0.225,i
15.738958336454555,0.226,i
15.739292274551397,0.227,i
15.739628315138257,0.228,i
15.73996640239674,0.229,i
15.74030648117043,0.23,i
15.740648496971922,0.231,i
15.740992395989542,0.232,i
15.74133812509374,0.233,i
15.741685631843154,0.234,i
15.742034864490341,0.23500000000000001,i
15.742385771987191,0.23600000000000002,i
15.742738303990011,0.23700000000000002,i
15.74309241086428,0.23800000000000002,i
15.743448043689096,0.23900000000000002,i
15.743805154261253,0.24,i
15.74416369509906,0.241,i
15.744523619445776,0.242,i
15.744884881272753,0.243,i
15.74524743528226,0.244,i
15.745611236909966,0.245,i
15.745976242327124,0.246,i
15.74634240844243,0.247,i
15.746709692903561,0.248,i
15.747078054098395,0.249,i
15.74744745115595,0.25,i
15.74781784394696,0.251,i
15.748189193084192,0.252,i
15.748561459922417,0.253,i
15.748934606558105,0.254,i
15.7493085958288,0.255,i
15.749683391312207,0.256,i
15.750058957324963,0.257,i
15.750435258921136,0.258,i
15.750812261890426,0.259,i
15.751189932756052,0.26,i
15.751568238772396,0.261,i
15.751947147922328,0.262,i
15.752326628914263,0.263,i
15.752706651178944,0.264,i
15.753087184865956,0.265,i
15.75346820083994,0.266,i
15.75384967067659,0.267,i
15.75423156665835,0.268,i
15.754613861769844,0.269,i
15.7549965296931,0.27,i
15.755379544802464,0.271,i
15.755762882159305,0.272,i
15.756146517506457,0.273,i
15.756530427262437,0.274,i
15.756914588515405,0.275,i
15.757298979016923,0.276,i
15.757683577175461,0.277,i
15.758068362049693,0.278,i
15.758453313341567,0.279,i
15.758838411389183,0.28,i
15.75922363715943,0.281,i
15.759608972240443,0.28200000000000003,i
15.759994398833863,0.28300000000000003,i
15.760379899746876,0.28400000000000003,i
15.760765458384094,0.28500000000000003,i
15.761151058739237,0.28600000000000003,i
15.761536685386627,0.28700000000000003,i
15.761922323472529,0.28800000000000003,i
15.762307958706305,0.289,i
15.762693577351413,0.29,i
15.763079166216242,0.291,i
15.76346471264479,0.292,i
15.763850204507214,0.293,i
15.76423563019021,0.294,i
15.76462097858727,0.295,i
15.765006239088816,0.296,i
15.765391401572174,0.297,i
15.765776456391464,0.298,i
15.766161394367366,0.299,i
15.766546206776749,0.3,i
15.766930885342234,0.301,i
15.767315422221625,0.302,i
15.767699809997271,0.303,i
15.76808404166533,0.304,i
15.768468110624946,0.305,i
15.768852010667352,0.306,i
15.769235735964921,0.307,i
15.76961928106012,0.308,i
15.770002640854422,0.309,i
15.770385810597178,0.31,i
15.770768785874408,0.311,i
15.771151562597572,0.312,i
15.771534136992315,0.313,i
15.771916505587148,0.314,i
15.772298665202124,0.315,i
15.772680612937508,0.316,i
15.7730623461624,0.317,i
15.773443862503376,0.318,i
15.77382515983312,0.319,i
15.774206236259047,0.32,i
15.774587090111957,0.321,i
15.774967719934684,0.322,i
15.775348124470776,0.323,i
15.775728302653185,0.324,i
15.77610825359301,0.325,i
15.776487976568264,0.326,i
15.776867471012682,0.327,i
15.777246736504573,0.328,i
15.777625772755732,0.329,i
15.778004579600418,0.33,i
15.778383156984365,0.331,i
15.778761504953897,0.332,i
15.77913962364509,0.333,i
15.779517513273026,0.334,i
15.779895174121124,0.335,i
15.780272606530575,0.336,i
15.780649810889843,0.337,i
15.781026787624286,0.338,i
15.781403537185884,0.339,i
15.781780060043051,0.34,i
15.782156356670589,0.341,i
15.782532427539742,0.342,i
15.782908273108372,0.343,i
15.783283893811271,0.34400000000000003,i
15.783659290050602,0.34500000000000003,i
15.784034462186474,0.34600000000000003,i
15.784409410527653,0.34700000000000003,i
15.784784135322422,0.34800000000000003,i
15.7851586367496,0.34900000000000003,i
15.78553291490969,0.35000000000000003,i
15.785906969816207,0.35100000000000003,i
15.786280801387147,0.352,i
15.78665440943665,0.353,i
15.78702779366679,0.354,i
15.787400953659578,0.355,i
15.787773888869104,0.356,i
15.788146598613897,0.357,i
15.788519082069437,0.358,i
15.788891338260862,0.359,i
15.789263366055875,0.36,i
15.789635164157826,0.361,i
15.790006731099005,0.362,i
15.790378065234126,0.363,i
15.790749164734013,0.364,i
15.791120027579492,0.365,i
15.791490651555495,0.366,i
15.791861034245356,0.367,i
15.79223117302534,0.368,i
15.792601065059383,0.369,i
15.792970707294034,0.37,i
15.793340096453626,0.371,i
15.79370922903568,0.372,i
15.794078101306503,0.373,i
15.794446709297047,0.374,i
15.794815048798952,0.375,i
15.795183115360873,0.376,i
15.795550904284966,0.377,i
15.795918410623687,0.378,i
15.796285629176746,0.379,i
15.79665255448835,0.38,i
15.797019180844654,0.381,i
15.797385502271458,0.382,i
15.797751512532136,0.383,i
15.798117205125813,0.384,i
15.798482573285755,0.385,i
15.798847609978038,0.386,i
15.799212307900419,0.387,i
15.799576659481463,0.388,i
15.799940656879913,0.389,i
15.8003042919843,0.39,i
15.800667556412783,0.391,i
15.80103044151323,0.392,i
15.801392938363557,0.393,i
15.801755037772283,0.394,i
15.802116730279348,0.395,i
15.80247800615714,0.396,i
15.80283885541178,0.397,i
15.80319926778466,0.398,i
15.803559232754168,0.399,i
15.803918739537695,0.4,i
15.804277777093859,0.401,i
15.80463633412496,0.402,i
15.804994399079664,0.403,i
15.805351960155926,0.404,i
15.805709005304143,0.405,i
15.806065522230517,0.406,i
15.806421498400661,0.40700000000000003,i
15.80677692104343,0.40800000000000003,i
15.807131777154952,0.40900000000000003,i
15.807486053502904,0.41000000000000003,i
15.807839736630987,0.41100000000000003,i
15.808192812863627,0.41200000000000003,i
15.808545268310885,0.41300000000000003,i
15.808897088873575,0.41400000000000003,i
15.80924826024859,0.41500000000000004,i
15.809598767934446,0.41600000000000004,i
15.809948597237,0.417,i
15.810297733275402,0.418,i
15.81064616098821,0.419,i
15.810993865139732,0.42,i
15.81134083032653,0.421,i
15.811687040984127,0.422,i
15.81203248139389,0.423,i
15.8123771356901,0.424,i
15.812720987867202,0.425,i
15.813064021787206,0.426,i
15.813406221187293,0.427,i
15.813747569687562,0.428,i
15.814088050798937,0.429,i
15.814427647931259,0.43,i
15.8147663444015,0.431,i
15.81510412344215,0.432,i
15.815440968209739,0.433,i
15.81577686179351,0.434,i
15.816111787224227,0.435,i
15.816445727483094,0.436,i
15.816778665510855,0.437,i
15.817110584216966,0.438,i
15.817441466488916,0.439,i
15.817771295201652,0.44,i
15.81810005322713,0.441,i
15.818427723443948,0.442,i
15.818754288747105,0.443,i
15.819079732057837,0.444,i
15.819404036333564,0.445,i
15.81972718457791,0.446,i
15.820049159850804,0.447,i
15.820369945278665,0.448,i
15.820689524064674,0.449,i
15.821007879499058,0.45,i
15.821324994969517,0.451,i
15.821640853971635,0.452,i
15.82195544011938,0.453,i
15.822268737155648,0.454,i
15.82258072896283,0.455,i
15.822891399573432,0.456,i
15.823200733180727,0.457,i
15.82350871414941,0.458,i
15.823815327026296,0.459,i
15.824120556551017,0.46,i
15.824424387666742,0.461,i
15.824726805530883,0.462,i
15.825027795525813,0.463,i
15.825327343269565,0.464,i
15.825625434626536,0.465,i
15.825922055718143,0.466,i
15.826217192933486,0.467,i
15.826510832939958,0.468,i
15.826802962693842,0.46900000000000003,i
15.827093569450836,0.47000000000000003,i
15.827382640776573,0.47100000000000003,i
15.827670164557043,0.47200000000000003,i
15.827956129009003,0.47300000000000003,i
15.828240522690294,0.47400000000000003,i
15.828523334510104,0.47500000000000003,i
15.828804553739149,0.47600000000000003,i
15.82908417001978,0.47700000000000004,i
15.829362173376014,0.47800000000000004,i
15.829638554223457,0.47900000000000004,i
15.829913303379152,0.48,i
15.830186412071306,0.481,i
15.830457871948935,0.482,i
15.830727675091378,0.483,i
15.830995814017706,0.484,i
15.831262281696013,0.485,i
15.831527071552554,0.486,i
15.831790177480805,0.487,i
15.832051593850325,0.488,i
15.832311315515518,0.489,i
15.832569337824241,0.49,i
15.83282565662624,0.491,i
15.83308026828146,0.492,i
15.833333169668169,0.493,i
15.833584358190938,0.494,i
15.833833831788418,0.495,i
15.834081588940979,0.496,i
15.834327628678157,0.497,i
15.83457195058588,0.498,i
15.834814554813581,0.499,i
15.835055442081032,0.5,i
15.835294613685045,0.501,i
15.835532071505941,0.502,i
15.835767818013819,0.503,i
15.836001856274608,0.504,i
15.836234189955928,0.505,i
15.836464823332689,0.506,i
15.836693761292517,0.507,i
15.836921009340928,0.508,i
15.83714657360626,0.509,i
15.837370460844395,0.51,i
15.837592678443247,0.511,i
15.837813234426976,0.512,i
15.838032137459994,0.513,i
15.8382493968507,0.514,i
15.838465022554983,0.515,i
15.838679025179449,0.516,i
15.838891415984424,0.517,i
15.839102206886647,0.518,i
15.839311410461761,0.519,i
15.83951903994649,0.52,i
15.839725109240568,0.521,i
15.839929632908401,0.522,i
15.840132626180457,0.523,i
15.840334104954355,0.524,i
15.840534085795714,0.525,i
15.840732585938696,0.526,i
15.840929623286282,0.527,i
15.841125216410253,0.528,i
15.841319384550896,0.529,i
15.841512147616411,0.53,i
15.84170352618205,0.531,i
15.841893541488934,0.532,i
15.842082215442618,0.533,i
15.842269570611322,0.534,i
15.84245563022391,0.535,i
15.842640418167528,0.536,i
15.842823958985,0.537,i
15.84300627787188,0.538,i
15.843187400673223,0.539,i
15.843367353880074,0.54,i
15.843546164625645,0.541,i
15.843723860681179,0.542,i
15.84390047045155,0.543,i
15.844076022970537,0.544,i
15.844250547895806,0.545,i
15.844424075503596,0.546,i
15.844596636683109,0.547,i
15.8447682629306,0.548,i
15.844938986343161,0.549,i
15.84510883961223,0.55,i
15.845277856016773,0.551,i
15.8454460694162,0.552,i
15.845613514242983,0.553,i
15.845780225494954,0.554,i
15.845946238727342,0.555,i
15.846111590044515,0.556,i
15.846276316091416,0.557,i
15.846440454044727,0.558,i
15.846604041603744,0.559,i
15.84676711698097,0.56,i
15.846929718892426,0.561,i
15.847091886547668,0.562,i
15.847253659639556,0.5630000000000001,i
15.847415078333716,0.5640000000000001,i
15.847576183257766,0.5650000000000001,i
15.847737015490226,0.5660000000000001,i
15.8478976165492,0.5670000000000001,i
15.84805802838078,0.5680000000000001,i
15.848218293347175,0.5690000000000001,i
15.8483784542146,0.5700000000000001,i
15.848538554140912,0.5710000000000001,i
15.848698636662961,0.5720000000000001,i
15.848858745683739,0.5730000000000001,i
15.849018925459239,0.5740000000000001,i
15.84917922058511,0.5750000000000001,i
15.84933967598304,0.5760000000000001,i
15.849500336886928,0.577,i
15.849661248828816,0.578,i
15.849822457624589,0.579,i
15.849984009359469,0.58,i
15.850145950373268,0.581,i
15.850308327245441,0.582,i
15.85047118677994,0.583,i
15.85063457598982,0.584,i
15.850798542081698,0.585,i
15.850963132439977,0.586,i
15.851128394610896,0.587,i
15.851294376286384,0.588,i
15.851461125287743,0.589,i
15.851628689549145,0.59,i
15.85179711710095,0.591,i
15.851966456052889,0.592,i
15.852136754577044,0.593,i
15.852308060890707,0.594,i
15.852480423239053,0.595,i
15.852653889877718,0.596,i
15.852828509055184,0.597,i
15.853004328995064,0.598,i
15.853181397878249,0.599,i
15.853359763824935,0.6,i
15.853539474876522,0.601,i
15.853720578977427,0.602,i
15.853903123956766,0.603,i
15.854087157509953,0.604,i
15.854272727180211,0.605,i
15.85445988033997,0.606,i
15.854648664172226,0.607,i
15.854839125651788,0.608,i
15.855031311526481,0.609,i
15.855225268298291,0.61,i
15.855421042204421,0.611,i
15.855618679198352,0.612,i
15.855818224930813,0.613,i
15.85601972473075,0.614,i
15.85622322358625,0.615,i
15.856428766125449,0.616,i
15.856636396597429,0.617,i
15.856846158853086,0.618,i
15.85705809632603,0.619,i
15.85727225201346,0.62,i
15.857488668457076,0.621,i
15.857707387723979,0.622,i
15.85792845138763,0.623,i
15.858151900508826,0.624,i
15.858377775616699,0.625,i
15.858606116689801,0.626,i
15.8588369631372,0.627,i
15.859070353779673,0.628,i
15.85930632683092,0.629,i
15.859544919878916,0.63,i
15.85978616986727,0.631,i
15.860030113076741,0.632,i
15.860276785106795,0.633,i
15.860526220857283,0.634,i
15.860778454510253,0.635,i
15.861033519511826,0.636,i
15.861291448554226,0.637,i
15.861552273557942,0.638,i
15.861816025654015,0.639,i
15.862082735166458,0.64,i
15.862352431594847,0.641,i
15.862625143597048,0.642,i
15.862900898972125,0.643,i
15.863179724643402,0.644,i
15.863461646641694,0.645,i
15.863746690088751,0.646,i
15.864034879180869,0.647,i
15.864326237172682,0.648,i
15.864620786361192,0.649,i
15.86491854806998,0.65,i
15.865219542633643,0.651,i
15.865523789382447,0.652,i
15.865831306627209,0.653,i
15.866142111644418,0.654,i
15.86645622066158,0.655,i
15.86677364884283,0.656,i
15.867094410274781,0.657,i
15.867418517952633,0.658,i
15.867745983766543,0.659,i
15.868076818488282,0.66,i
15.868411031758137,0.661,i
15.86874863207213,0.662,i
15.869089626769483,0.663,i
15.86943402202041,0.664,i
15.869781822814186,0.665,i
15.870133032947537,0.666,i
15.870487655013312,0.667,i
15.870845690389483,0.668,i
15.871207139228481,0.669,i
15.871572000446818,0.67,i
15.87194027171506,0.671,i
15.872311949448141,0.672,i
15.872687028795998,0.673,i
15.873065503634548,0.674,i
15.873447366557025,0.675,i
15.873832608865667,0.676,i
15.874221220563737,0.677,i
15.874613190347938,0.678,i
15.875008505601173,0.679,i
15.875407152385653,0.68,i
15.875809115436432,0.681,i
15.876214378155264,0.682,i
15.876622922604865,0.683,i
15.877034729503546,0.684,i
15.877449778220257,0.685,i
15.877868046769988,0.686,i
15.878289511809582,0.687,i
15.878714148633948,0.6880000000000001,i
15.87914193117265,0.6890000000000001,i
15.879572831986936,0.6900000000000001,i
15.880006822267122,0.6910000000000001,i
15.88044387183043,0.6920000000000001,i
15.880883949119204,0.6930000000000001,i
15.881327021199565,0.6940000000000001,i
15.881773053760442,0.6950000000000001,i
15.882222011113058,0.6960000000000001,i
15.88267385619081,0.6970000000000001,i
15.883128550549582,0.6980000000000001,i
15.883586054368468,0.6990000000000001,i
15.884046326450926,0.7000000000000001,i
15.884509324226363,0.7010000000000001,i
15.884975003752118,0.7020000000000001,i
15.885443319715913,0.7030000000000001,i
15.885914225438695,0.704,i
15.886387672877925,0.705,i
15.8868636126313,0.706,i
15.887341993940884,0.707,i
15.8878227646977,0.708,i
15.888305871446722,0.709,i
15.88879125939232,0.71,i
15.889278872404125,0.711,i
15.889768653023328,0.712,i
15.890260542469406,0.713,i
15.89075448064729,0.714,i
15.891250406154942,0.715,i
15.891748256291383,0.716,i
15.892247967065126,0.717,i
15.892749473203061,0.718,i
15.893252708159752,0.719,i
15.893757604127142,0.72,i
15.894264092044722,0.721,i
15.894772101610089,0.722,i
15.895281561289929,0.723,i
15.895792398331436,0.724,i
15.896304538774114,0.725,i
15.896817907462031,0.726,i
15.897332428056462,0.727,i
15.897848023048942,0.728,i
15.898364613774733,0.729,i
15.898882120426693,0.73,i
15.899400462069547,0.731,i
15.899919556654552,0.732,i
15.900439321034565,0.733,i
15.900959670979494,0.734,i
15.901480521192152,0.735,i
15.902001785324474,0.736,i
15.902523375994148,0.737,i
15.903045204801584,0.738,i
15.903567182347297,0.739,i
15.904089218249633,0.74,i
15.904611221162863,0.741,i
15.905133098795668,0.742,i
15.905654757929936,0.743,i
15.906176104439947,0.744,i
15.90669704331189,0.745,i
15.907217478663734,0.746,i
15.907737313765418,0.747,i
15.908256451059406,0.748,i
15.908774792181546,0.749,i
15.909292237982248,0.75,i
15.909808688548004,0.751,i
15.910324043223207,0.752,i
15.910838200632272,0.753,i
15.911351058702065,0.754,i
15.911862514684628,0.755,i
15.912372465180187,0.756,i
15.91288080616046,0.757,i
15.913387432992211,0.758,i
15.913892240461117,0.759,i
15.914395122795858,0.76,i
15.9148959736925,0.761,i
15.915394686339104,0.762,i
15.9158911534406,0.763,i
15.916385267243884,0.764,i
15.916876919563158,0.765,i
15.917366001805492,0.766,i
15.917852404996601,0.767,i
15.918336019806837,0.768,i
15.918816736577373,0.769,i
15.919294445346614,0.77,i
15.919769035876753,0.771,i
15.920240397680553,0.772,i
15.920708420048271,0.773,i
15.921172992074771,0.774,i
15.921634002686773,0.775,i
15.922091340670287,0.776,i
15.922544894698154,0.777,i
15.922994553357759,0.778,i
15.923440205178839,0.779,i
15.923881738661443,0.78,i
15.924319042303972,0.781,i
15.924752004631369,0.782,i
15.92518051422334,0.783,i
15.925604459742747,0.784,i
15.926023729963994,0.785,i
15.926438213801562,0.786,i
15.926847800338557,0.787,i
15.927252378855332,0.788,i
15.927651838858166,0.789,i
15.92804607010796,0.79,i
15.92843496264899,0.791,i
15.928818406837662,0.792,i
15.929196293371286,0.793,i
15.929568513316868,0.794,i
15.92993495813989,0.795,i
15.930295519733066,0.796,i
15.930650090445118,0.797,i
15.930998563109469,0.798,i
15.931340831072957,0.799,i
15.93167678822446,0.8,i
15.932006329023487,0.801,i
15.932329348528722,0.802,i
15.932645742426452,0.803,i
15.932955407058977,0.804,i
15.933258239452881,0.805,i
15.933554137347242,0.806,i
15.933842999221715,0.807,i
15.934124724324523,0.808,i
15.934399212700312,0.809,i
15.93466636521788,0.81,i
15.93492608359779,0.811,i
15.935178270439794,0.812,i
15.935422829250145,0.8130000000000001,i
15.935659664468725,0.8140000000000001,i
15.935888681496024,0.8150000000000001,i
15.9361097867199,0.8160000000000001,i
15.936322887542199,0.8170000000000001,i
15.936527892405152,0.8180000000000001,i
15.936724710817582,0.8190000000000001,i
15.936913253380892,0.8200000000000001,i
15.93709343181484,0.8210000000000001,i
15.937265158983097,0.8220000000000001,i
15.937428348918537,0.8230000000000001,i
15.93758291684834,0.8240000000000001,i
15.9377287792188,0.8250000000000001,i
15.937865853719883,0.8260000000000001,i
15.937994059309542,0.8270000000000001,i
15.938113316237752,0.8280000000000001,i
15.938223546070242,0.8290000000000001,i
15.938324671711971,0.8300000000000001,i
15.938416617430299,0.8310000000000001,i
15.938499308877855,0.8320000000000001,i
15.938572673115088,0.833,i
15.938636638632532,0.834,i
15.938691135372714,0.835,i
15.938736094751757,0.836,i
15.938771449680633,0.837,i
15.938797134586089,0.838,i
15.938813085431208,0.839,i
15.938819239735624,0.84,i
15.938815536595378,0.841,i
15.938801916702396,0.842,i
15.938778322363603,0.843,i
15.938744697519656,0.844,i
15.938700987763282,0.845,i
15.93864714035723,0.846,i
15.938583104251835,0.847,i
15.938508830102165,0.848,i
15.938424270284766,0.849,i
15.938329378913991,0.85,i
15.938224111857911,0.851,i
15.938108426753812,0.852,i
15.93798228302324,0.853,i
15.937845641886632,0.854,i
15.9376984663775,0.855,i
15.937540721356179,0.856,i
15.937372373523122,0.857,i
15.937193391431729,0.858,i
15.937003745500753,0.859,i
15.93680340802622,0.86,i
15.936592353192886,0.861,i
15.936370557085231,0.862,i
15.936137997697994,0.863,i
15.935894654946209,0.864,i
15.935640510674776,0.865,i
15.935375548667553,0.866,i
15.935099754655951,0.867,i
15.934813116327057,0.868,i
15.934515623331247,0.869,i
15.934207267289322,0.87,i
15.933888041799154,0.871,i
15.933557942441793,0.872,i
15.933216966787132,0.873,i
15.932865114399027,0.874,i
15.932502386839925,0.875,i
15.932128787674987,0.876,i
15.931744322475714,0.877,i
15.931348998823031,0.878,i
15.930942826309906,0.879,i
15.930525816543406,0.88,i
15.9300979831463,0.881,i
15.929659341758088,0.882,i
15.929209910035551,0.883,i
15.928749707652786,0.884,i
15.928278756300712,0.885,i
15.92779707968607,0.886,i
15.927304703529897,0.887,i
15.926801655565496,0.888,i
15.926287965535897,0.889,i
15.925763665190768,0.89,i
15.925228788282855,0.891,i
15.924683370563889,0.892,i
15.924127449779968,0.893,i
15.923561065666458,0.894,i
15.922984259942345,0.895,i
15.922397076304106,0.896,i
15.921799560419071,0.897,i
15.921191759918262,0.898,i
15.92057372438874,0.899,i
15.919945505365446,0.9,i
15.919307156322539,0.901,i
15.918658732664243,0.902,i
15.91800029171519,0.903,i
15.91733189271028,0.904,i
15.916653596784025,0.905,i
15.915965466959449,0.906,i
15.915267568136455,0.907,i
15.914559967079743,0.908,i
15.913842732406234,0.909,i
15.91311593457203,0.91,i
15.912379645858893,0.911,i
15.911633940360252,0.912,i
15.910878893966757,0.913,i
15.910114584351371,0.914,i
15.909341090954008,0.915,i
15.908558494965694,0.916,i
15.907766879312325,0.917,i
15.906966328637933,0.918,i
15.906156929287565,0.919,i
15.90533876928968,0.92,i
15.904511938338148,0.921,i
15.903676527773811,0.922,i
15.902832630565642,0.923,i
15.90198034129146,0.924,i
15.901119756118277,0.925,i
15.900250972782205,0.926,i
15.899374090567996,0.927,i
15.898489210288163,0.928,i
15.89759643426175,0.929,i
15.896695866292688,0.93,i
15.895787611647803,0.931,i
15.894871777034439,0.932,i
15.893948470577747,0.933,i
15.893017801797578,0.934,i
15.892079881585078,0.935,i
15.891134822178893,0.936,i
15.890182737141085,0.937,i
15.88922374133269,0.9380000000000001,i
15.88825795088896,0.9390000000000001,i
15.887285483194308,0.9400000000000001,i
15.886306456856925,0.9410000000000001,i
15.885320991683114,0.9420000000000001,i
15.884329208651334,0.9430000000000001,i
15.883331229885929,0.9440000000000001,i
15.882327178630627,0.9450000000000001,i
15.881317179221734,0.9460000000000001,i
15.88030135706108,0.9470000000000001,i
15.879279838588714,0.9480000000000001,i
15.878252751255328,0.9490000000000001,i
15.877220223494493,0.9500000000000001,i
15.8761823846946,0.9510000000000001,i
15.875139365170632,0.9520000000000001,i
15.874091296135697,0.9530000000000001,i
15.873038309672353,0.9540000000000001,i
15.87198053870374,0.9550000000000001,i
15.870918116964528,0.9560000000000001,i
15.869851178971667,0.9570000000000001,i
15.868779859994968,0.9580000000000001,i
15.867704296027545,0.9590000000000001,i
15.866624623756051,0.96,i
15.865540980530806,0.961,i
15.86445350433577,0.962,i
15.863362333758385,0.963,i
15.862267607959284,0.964,i
15.861169466641908,0.965,i
15.860068050022004,0.966,i
15.858963498797015,0.967,i
15.857855954115399,0.968,i
15.856745557545862,0.969,i
15.85563245104652,0.97,i
15.854516776933984,0.971,i
15.853398677852423,0.972,i
15.852278296742554,0.973,i
15.851155776810593,0.974,i
15.850031261497207,0.975,i
15.84890489444642,0.976,i
15.847776819474516,0.977,i
15.846647180538945,0.978,i
15.845516121707224,0.979,i
15.84438378712588,0.98,i
15.84325032098938,0.981,i
15.842115867509126,0.982,i
15.840980570882472,0.983,i
15.8398445752618,0.984,i
15.83870802472365,0.985,i
15.837571063237935,0.986,i
15.836433834637191,0.987,i
15.835296482585965,0.988,i
15.834159150550246,0.989,i
15.83302198176703,0.99,i
15.831885119213991,0.991,i
15.830748705579252,0.992,i
15.829612883231297,0.993,i
15.828477794189011,0.994,i
15.827343580091881,0.995,i
15.826210382170318,0.996,i
15.82507834121615,0.997,i
15.823947597553307,0.998,i
15.822818291008632,0.999,i
15.821690560882928,1.0,i
15.820564545922144,1.0010000000000001,i
15.819440384288816,1.002,i
15.818318213533647,1.0030000000000001,i
15.817198170567377,1.004,i
15.816080391632799,1.0050000000000001,i
15.814965012277073,1.006,i
15.813852167324217,1.0070000000000001,i
15.812741990847877,1.008,i
15.811634616144355,1.0090000000000001,i
15.562918887784148,0.0,z
15.561823526989942,0.001,z
15.560728521815332,0.002,z
15.55963401271315,0.003,z
15.558540139751782,0.004,z
15.557447042585405,0.005,z
15.556354860424387,0.006,z
15.555263732005873,0.007,z
15.554173795564527,0.008,z
15.55308518880348,0.009000000000000001,z
15.55199804886546,0.01,z
15.550912512304127,0.011,z
15.549828715055614,0.012,z
15.54874679241031,0.013000000000000001,z
15.547666878984815,0.014,z
15.54658910869419,0.015,z
15.54551361472441,0.016,z
15.544440529505057,0.017,z
15.54336998468231,0.018000000000000002,z
15.542302111092146,0.019,z
15.541237038733854,0.02,z
15.540174896743792,0.021,z
15.539115813369447,0.022,z
15.53805991594378,0.023,z
15.537007330859867,0.024,z
15.535958183545837,0.025,z
15.534912598440132,0.026000000000000002,z
15.533870698967078,0.027,z
15.532832607512779,0.028,z
15.531798445401327,0.029,z
15.530768332871377,0.03,z
15.529742389053032,0.031,z
15.528720731945091,0.032,z
15.52770347839265,0.033,z
15.526690744065052,0.034,z
15.525682643434214,0.035,z
15.524679289753301,0.036000000000000004,z
15.523680795035812,0.037,z
15.522687270034995,0.038,z
15.5216988242237,0.039,z
15.520715565774578,0.04,z
15.519737601540701,0.041,z
15.518765037036568,0.042,z
15.517797976419523,0.043000000000000003,z
15.51683652247157,0.044,z
15.515880776581612,0.045,z
15.514930838728098,0.046,z
15.513986807462093,0.047,z
15.513048779890775,0.048,z
15.512116851661352,0.049,z
15.511191116945415,0.05,z
15.510271668423737,0.051000000000000004,z
15.509358597271477,0.052000000000000005,z
15.50845199314387,0.053,z
15.507551944162321,0.054,z
15.506658536900973,0.055,z
15.505771856373707,0.056,z
15.504891986021608,0.057,z
15.504019007700881,0.058,z
15.503153001671212,0.059000000000000004,z
15.502294046584609,0.06,z
15.501442219474686,0.061,z
15.500597595746429,0.062,z
15.499760249166401,0.063,z
15.498930251853432,0.064,z
15.49810767426978,0.065,z
15.49729258521274,0.066,z
15.49648505180674,0.067,z
15.495685139495905,0.068,z
15.494892912037088,0.069,z
15.494108431493375,0.07,z
15.493331758228068,0.07100000000000001,z
15.49256295089913,0.07200000000000001,z
15.491802066454106,0.073,z
15.491049160125536,0.074,z
15.49030428542681,0.075,z
15.489567494148519,0.076,z
15.488838836355274,0.077,z
15.488118360382984,0.078,z
15.487406112836625,0.079,z
15.486702138588468,0.08,z
15.486006480776771,0.081,z
15.48531918080496,0.082,z
15.484640278341246,0.083,z
15.483969811318744,0.084,z
15.483307815936023,0.085,z
15.48265432665814,0.08600000000000001,z
15.482009376218125,0.08700000000000001,z
15.481372995618926,0.088,z
15.480745214135807,0.089,z
15.480126059319213,0.09,z
15.479515556998075,0.091,z
15.478913731283566,0.092,z
15.478320604573295,0.093,z
15.477736197555968,0.094,z
15.477160529216476,0.095,z
15.47659361684141,0.096,z
15.476035476025022,0.097,z
15.475486120675628,0.098,z
15.474945563022414,0.099,z
15.47441381362269,0.1,z
15.473890881369538,0.101,z
15.47337677349991,0.10200000000000001,z
15.472871495603098,0.10300000000000001,z
15.472375051629662,0.10400000000000001,z
15.47188744390071,0.105,z
15.471408673117612,0.106,z
15.470938738372109,0.107,z
15.470477637156783,0.108,z
15.470025365375959,0.109,z
15.46958191735694,0.11,z
15.469147285861665,0.111,z
15.468721462098696,0.112,z
15.468304435735602,0.113,z
15.467896194911692,0.114,z
15.4674967262511,0.115,z
15.467106014876242,0.116,z
15.466724044421575,0.117,z
15.46635079704775,0.11800000000000001,z
15.46598625345605,0.11900000000000001,z
15.4656303929032,0.12,z
15.465283193216449,0.121,z
15.464944630809015,0.122,z
15.464614680695817,0.123,z
15.464293316509506,0.124,z
15.463980510516818,0.125,z
15.463676233635187,0.126,z
15.463380455449666,0.127,z
15.46309314423012,0.128,z
15.46281426694869,0.129,z
15.462543789297523,0.13,z
15.46228167570676,0.131,z
15.462027889362782,0.132,z
15.461782392226691,0.133,z
15.461545145053039,0.134,z
15.46131610740879,0.135,z
15.461095237692488,0.136,z
15.460882493153681,0.137,z
15.460677829912502,0.138,z
15.460481202979514,0.139,z
15.460292566275697,0.14,z
15.460111872652664,0.14100000000000001,z
15.459939073913036,0.14200000000000002,z
15.459774120831005,0.14300000000000002,z
15.45961696317306,0.14400000000000002,z
15.45946754971887,0.145,z
15.459325828282317,0.146,z
15.459191745732694,0.147,z
15.459065248016023,0.148,z
15.458946280176505,0.149,z
15.458834786378102,0.15,z
15.458730709926227,0.151,z
15.458633993289547,0.152,z
15.458544578121892,0.153,z
15.458462405284235,0.154,z
15.458387414866799,0.155,z
15.458319546211195,0.156,z
15.458258737932669,0.157,z
15.45820492794239,0.158,z
15.458158053469806,0.159,z
15.458118051085048,0.16,z
15.458084856721364,0.161,z
15.458058405697596,0.162,z
15.458038632740687,0.163,z
15.458025472008199,0.164,z
15.458018857110845,0.165,z
15.458018721135025,0.166,z
15.45802499666536,0.167,z
15.458037615807214,0.168,z
15.458056510209191,0.169,z
15.458081611085637,0.17,z
15.458112849239058,0.171,z
15.458150155082546,0.17200000000000001,z
15.458193458662134,0.17300000000000001,z
15.4582426896791,0.17400000000000002,z
15.45829777751222,0.17500000000000002,z
15.45835865123994,0.176,z
15.45842523966248,0.177,z
15.458497471323852,0.178,z
15.458575274533805,0.179,z
15.458658577389638,0.18,z
15.45874730779796,0.181,z
15.458841393496302,0.182,z
15.458940762074624,0.183,z
15.459045340996713,0.184,z
15.45915505762143,0.185,z
15.45926983922385,0.186,z
15.459389613016226,0.187,z
15.459514306168831,0.188,z
15.459643845830648,0.189,z
15.459778159149876,0.19,z
15.459917173294293,0.191,z
15.460060815471438,0.192,z
15.460209012948605,0.193,z
15.460361693072677,0.194,z
15.460518783289755,0.195,z
15.460680211164584,0.196,z
15.460845904399799,0.197,z
15.461015790854939,0.198,z
15.461189798565286,0.199,z
15.461367855760447,0.2,z
15.461549890882742,0.201,z
15.461735832605346,0.202,z
15.461925609850223,0.203,z
15.462119151805798,0.20400000000000001,z
15.462316387944403,0.20500000000000002,z
15.46251724803947,0.20600000000000002,z
15.46272166218247,0.20700000000000002,z
15.462929560799617,0.20800000000000002,z
15.463140874668277,0.209,z
15.463355534933157,0.21,z
15.463573473122185,0.211,z
15.463794621162137,0.212,z
15.464018911394,0.213,z
15.464246276588026,0.214,z
15.464476649958542,0.215,z
15.464709965178418,0.216,z
15.464946156393312,0.217,z
15.465185158235567,0.218,z
15.465426905837836,0.219,z
15.465671334846407,0.22,z
15.465918381434212,0.221,z
15.46616798231355,0.222,z
15.46642007474849,0.223,z
15.466674596566964,0.224,z
15.466931486172538,0.225,z
15.4671906825559,0.226,z
15.467452125305988,0.227,z
15.467715754620826,0.228,z
15.467981511318033,0.229,z
15.468249336845002,0.23,z
15.468519173288756,0.231,z
15.468790963385487,0.232,z
15.469064650529756,0.233,z
15.469340178783357,0.234,z
15.469617492883879,0.23500000000000001,z
15.469896538252895,0.23600000000000002,z
15.470177261003863,0.23700000000000002,z
15.470459607949653,0.23800000000000002,z
15.47074352660977,0.23900000000000002,z
15.471028965217215,0.24,z
15.471315872725052,0.241,z
15.471604198812583,0.242,z
15.471893893891247,0.243,z
15.47218490911013,0.244,z
15.47247719636118,0.245,z
15.472770708284067,0.246,z
15.47306539827071,0.247,z
15.473361220469478,0.248,z
15.473658129789033,0.249,z
15.473956081901882,0.25,z
15.474255033247555,0.251,z
15.474554941035471,0.252,z
15.474855763247481,0.253,z
15.475157458640059,0.254,z
15.475459986746188,0.255,z
15.475763307876907,0.256,z
15.476067383122539,0.257,z
15.476372174353587,0.258,z
15.47667764422132,0.259,z
15.476983756158045,0.26,z
15.477290474377028,0.261,z
15.477597763872147,0.262,z
15.477905590417189,0.263,z
15.478213920564878,0.264,z
15.478522721645549,0.265,z
15.478831961765556,0.266,z
15.479141609805364,0.267,z
15.47945163541732,0.268,z
15.47976200902317,0.269,z
15.480072701811245,0.27,z
15.480383685733365,0.271,z
15.480694933501468,0.272,z
15.481006418583943,0.273,z
15.48131811520168,0.274,z
15.481629998323857,0.275,z
15.481942043663437,0.276,z
15.482254227672405,0.277,z
15.48256652753673,0.278,z
15.482878921171073,0.279,z
15.48319138721324,0.28,z
15.483503905018365,0.281,z
15.483816454652853,0.28200000000000003,z
15.484129016888078,0.28300000000000003,z
15.484441573193845,0.28400000000000003,z
15.484754105731586,0.28500000000000003,z
15.485066597347371,0.28600000000000003,z
15.48537903156464,0.28700000000000003,z
15.485691392576754,0.28800000000000003,z
15.486003665239291,0.289,z
15.486315835062165,0.29,z
15.486627888201493,0.291,z
15.486939811451299,0.292,z
15.487251592234994,0.293,z
15.48756321859666,0.294,z
15.487874679192172,0.295,z
15.488185963280085,0.296,z
15.488497060712401,0.297,z
15.488807961925119,0.298,z
15.48911865792864,0.299,z
15.48942914029799,0.3,z
15.4897394011629,0.301,z
15.490049433197738,0.302,z
15.49035922961127,0.303,z
15.490668784136306,0.304,z
15.490978091019192,0.305,z
15.491287145009192,0.306,z
15.491595941347713,0.307,z
15.49190447575745,0.308,z
15.492212744431384,0.309,z
15.492520744021698,0.31,z
15.49282847162857,0.311,z
15.493135924788891,0.312,z
15.493443101464875,0.313,z
15.493750000032595,0.314,z
15.494056619270435,0.315,z
15.49436295834747,0.316,z
15.494669016811793,0.317,z
15.49497479457875,0.318,z
15.495280291919155,0.319,z
15.495585509447423,0.32,z
15.495890448109689,0.321,z
15.496195109171879,0.322,z
15.496499494207717,0.323,z
15.496803605086779,0.324,z
15.497107443962443,0.325,z
15.497411013259892,0.326,z
15.497714315664066,0.327,z
15.498017354107628,0.328,z
15.498320131758941,0.329,z
15.49862265201003,0.33,z
15.498924918464583,0.331,z
15.49922693492596,0.332,z
15.499528705385233,0.333,z
15.49983023400924,0.334,z
15.500131525128703,0.335,z
15.500432583226385,0.336,z
15.500733412925262,0.337,z
15.501034018976796,0.338,z
15.501334406249235,0.339,z
15.50163457971599,0.34,z
15.501934544444076,0.341,z
15.502234305582633,0.342,z
15.50253386835154,0.343,z
15.50283323803008,0.34400000000000003,z
15.50313241994574,0.34500000000000003,z
15.503431419463064,0.34600000000000003,z
15.50373024197265,0.34700000000000003,z
15.504028892880223,0.34800000000000003,z
15.50432737759582,0.34900000000000003,z
15.504625701523121,0.35000000000000003,z
15.50492387004886,0.35100000000000003,z
15.505221888532391,0.352,z
15.505519762295384,0.353,z
15.50581749661163,0.354,z
15.50611509669702,0.355,z
15.506412567699646,0.356,z
15.50670991469005,0.357,z
15.507007142651647,0.358,z
15.50730425647128,0.359,z
15.507601260929953,0.36,z
15.507898160693719,0.361,z
15.508194960304753,0.362,z
15.508491664172572,0.363,z
15.508788276565467,0.364,z
15.50908480160208,0.365,z
15.509381243243196,0.366,z
15.509677605283706,0.367,z
15.509973891344766,0.368,z
15.510270104866146,0.369,z
15.510566249098801,0.37,z
15.510862327097602,0.371,z
15.511158341714312,0.372,z
15.511454295590742,0.373,z
15.51175019115215,0.374,z
15.512046030600795,0.375,z
15.512341815909783,0.376,z
15.512637548817072,0.377,z
15.512933230819723,0.378,z
15.51322886316837,0.379,z
15.513524446861918,0.38,z
15.513819982642483,0.381,z
15.514115470990513,0.382,z
15.514410912120209,0.383,z
15.514706305975134,0.384,z
15.515001652224063,0.385,z
15.515296950257088,0.386,z
15.51559219918195,0.387,z
15.515887397820613,0.388,z
15.516182544706068,0.389,z
15.516477638079412,0.39,z
15.516772675887134,0.391,z
15.517067655778671,0.392,z
15.517362575104197,0.393,z
15.517657430912664,0.394,z
15.517952219950088,0.395,z
15.518246938658084,0.396,z
15.518541583172652,0.397,z
15.518836149323201,0.398,z
15.519130632631832,0.399,z
15.51942502831287,0.4,z
15.519719331272631,0.401,z
15.520013536109458,0.402,z
15.520307637113984,0.403,z
15.52060162826966,0.404,z
15.520895503253524,0.405,z
15.521189255437205,0.406,z
15.521482877888197,0.40700000000000003,z
15.521776363371355,0.40800000000000003,z
15.522069704350654,0.40900000000000003,z
15.522362892991167,0.41000000000000003,z
15.522655921161311,0.41100000000000003,z
15.522948780435328,0.41200000000000003,z
15.523241462095983,0.41300000000000003,z
15.523533957137522,0.41400000000000003,z
15.523826256268862,0.41500000000000004,z
15.524118349917021,0.41600000000000004,z
15.524410228230757,0.417,z
15.52470188108446,0.418,z
15.524993298082274,0.419,z
15.525284468562424,0.42,z
15.525575381601785,0.421,z
15.525866026020672,0.422,z
15.526156390387847,0.423,z
15.526446463025726,0.424,z
15.526736232015836,0.425,z
15.527025685204446,0.426,z
15.52731481020843,0.427,z
15.52760359442133,0.428,z
15.52789202501962,0.429,z
15.52818008896916,0.43,z
15.528467773031867,0.431,z
15.528755063772564,0.432,z
15.529041947566014,0.433,z
15.529328410604165,0.434,z
15.529614438903538,0.435,z
15.529900018312832,0.436,z
15.530185134520677,0.437,z
15.530469773063574,0.438,z
15.530753919334,0.439,z
15.531037558588654,0.44,z
15.53132067595691,0.441,z
15.53160325644936,0.442,z
15.531885284966581,0.443,z
15.53216674630797,0.444,z
15.532447625180799,0.445,z
15.53272790620934,0.446,z
15.533007573944166,0.447,z
15.533286612871569,0.448,z
15.533565007423089,0.449,z
15.533842741985183,0.45,z
15.534119800908991,0.451,z
15.53439616852022,0.452,z
15.534671829129131,0.453,z
15.534946767040626,0.454,z
15.53522096656443,0.455,z
15.535494412025352,0.456,z
15.535767087773657,0.457,z
15.536038978195483,0.458,z
15.53631006772336,0.459,z
15.536580340846788,0.46,z
15.536849782122866,0.461,z
15.537118376187012,0.462,z
15.537386107763695,0.463,z
15.537652961677242,0.464,z
15.537918922862692,0.465,z
15.538183976376663,0.466,z
15.538448107408259,0.467,z
15.538711301290023,0.468,z
15.53897354350888,0.46900000000000003,z
15.539234819717118,0.47000000000000003,z
15.539495115743362,0.47100000000000003,z
15.539754417603566,0.47200000000000003,z
15.540012711511995,0.47300000000000003,z
15.5402699838922,0.47400000000000003,z
15.540526221387982,0.47500000000000003,z
15.540781410874336,0.47600000000000003,z
15.541035539468371,0.47700000000000004,z
15.54128859454021,0.47800000000000004,z
15.541540563723835,0.47900000000000004,z
15.541791434927905,0.48,z
15.542041196346526,0.481,z
15.542289836469967,0.482,z
15.542537344095326,0.483,z
15.542783708337105,0.484,z
15.543028918637761,0.485,z
15.543272964778142,0.486,z
15.543515836887867,0.487,z
15.543757525455614,0.488,z
15.543998021339313,0.489,z
15.544237315776243,0.49,z
15.544475400393042,0.491,z
15.544712267215587,0.492,z
15.544947908678779,0.493,z
15.54518231763621,0.494,z
15.545415487369677,0.495,z
15.545647411598638,0.496,z
15.545878084489434,0.497,z
15.54610750066447,0.498,z
15.546335655211186,0.499,z
15.546562543690916,0.5,z
15.546788162147571,0.501,z
15.547012507116172,0.502,z
15.547235575631225,0.503,z
15.547457365234916,0.504,z
15.547677873985139,0.505,z
15.547897100463357,0.506,z
15.548115043782243,0.507,z
15.548331703593181,0.508,z
15.548547080093545,0.509,z
15.54876117403379,0.51,z
15.54897398672434,0.511,z
15.549185520042272,0.512,z
15.54939577643779,0.513,z
15.549604758940493,0.514,z
15.549812471165414,0.515,z
15.550018917318832,0.516,z
15.55022410220389,0.517,z
15.55042803122593,0.518,z
15.550630710397657,0.519,z
15.550832146344012,0.52,z
15.551032346306839,0.521,z
15.551231318149284,0.522,z
15.551429070359971,0.523,z
15.551625612056903,0.524,z
15.551820952991124,0.525,z
15.552015103550112,0.526,z
15.552208074760934,0.527,z
15.552399878293095,0.528,z
15.552590526461177,0.529,z
15.552780032227158,0.53,z
15.552968409202483,0.531,z
15.55315567164987,0.532,z
15.553341834484812,0.533,z
15.553526913276823,0.534,z
15.553710924250392,0.535,z
15.553893884285662,0.536,z
15.554075810918803,0.537,z
15.55425672234213,0.538,z
15.554436637403901,0.539,z
15.55461557560784,0.54,z
15.554793557112367,0.541,z
15.554970602729531,0.542,z
15.555146733923642,0.543,z
15.555321972809617,0.544,z
15.55549634215103,0.545,z
15.555669865357846,0.546,z
15.555842566483868,0.547,z
15.556014470223895,0.548,z
15.556185601910553,0.549,z
15.556355987510837,0.55,z
15.556525653622367,0.551,z
15.55669462746931,0.552,z
15.556862936898023,0.553,z
15.557030610372395,0.554,z
15.557197676968864,0.555,z
15.557364166371158,0.556,z
15.557530108864722,0.557,z
15.557695535330835,0.558,z
15.557860477240453,0.559,z
15.558024966647718,0.56,z
15.558189036183192,0.561,z
15.558352719046791,0.562,z
15.558516049000408,0.5630000000000001,z
15.558679060360245,0.5640000000000001,z
15.558841787988863,0.5650000000000001,z
15.559004267286923,0.5660000000000001,z
15.559166534184644,0.5670000000000001,z
15.559328625132961,0.5680000000000001,z
15.55949057709441,0.5690000000000001,z
15.559652427533708,0.5700000000000001,z
15.559814214408071,0.5710000000000001,z
15.559975976157222,0.5720000000000001,z
15.560137751693148,0.5730000000000001,z
15.560299580389556,0.5740000000000001,z
15.560461502071059,0.5750000000000001,z
15.56062355700211,0.5760000000000001,z
15.560785785875629,0.577,z
15.560948229801397,0.578,z
15.561110930294173,0.579,z
15.561273929261535,0.58,z
15.561437268991485,0.581,z
15.561600992139804,0.582,z
15.561765141717123,0.583,z
15.56192976107578,0.584,z
15.56209489389641,0.585,z
15.562260584174322,0.586,z
15.562426876205597,0.587,z
15.562593814573003,0.588,z
15.562761444131642,0.589,z
15.562929809994392,0.59,z
15.563098957517127,0.591,z
15.563268932283712,0.592,z
15.56343978009081,0.593,z
15.563611546932444,0.594,z
15.563784278984395,0.595,z
15.563958022588384,0.596,z
15.564132824236061,0.597,z
15.564308730552813,0.598,z
15.56448578828138,0.599,z
15.564664044265308,0.6,z
15.56484354543222,0.601,z
15.565024338776922,0.602,z
15.565206471344338,0.603,z
15.565389990212308,0.604,z
15.565574942474226,0.605,z
15.565761375221525,0.606,z
15.565949335526035,0.607,z
15.5661388704222,0.608,z
15.566330026889167,0.609,z
15.56652285183277,0.61,z
15.566717392067357,0.611,z
15.566913694297561,0.612,z
15.567111805099923,0.613,z
15.56731177090444,0.614,z
15.567513637976013,0.615,z
15.567717452395817,0.616,z
15.567923260042582,0.617,z
15.568131106573809,0.618,z
15.568341037406922,0.619,z
15.568553097700352,0.62,z
15.568767332334572,0.621,z
15.568983785893089,0.622,z
15.569202502643384,0.623,z
15.569423526517843,0.624,z
15.569646901094632,0.625,z
15.569872669578576,0.626,z
15.570100874782002,0.627,z
15.570331559105606,0.628,z
15.570564764519288,0.629,z
15.570800532543021,0.63,z
15.571038904227715,0.631,z
15.571279920136112,0.632,z
15.571523620323712,0.633,z
15.571770044319715,0.634,z
15.572019231108037,0.635,z
15.572271219108346,0.636,z
15.572526046157163,0.637,z
15.57278374948903,0.638,z
15.573044365717745,0.639,z
15.573307930817675,0.64,z
15.573574480105146,0.641,z
15.573844048219927,0.642,z
15.574116669106825,0.643,z
15.574392375997354,0.644,z
15.57467120139155,0.645,z
15.574953177039882,0.646,z
15.575238333925293,0.647,z
15.575526702245373,0.648,z
15.57581831139467,0.649,z
15.576113189947167,0.65,z
15.576411365638865,0.651,z
15.576712865350581,0.652,z
15.577017715090866,0.653,z
15.577325939979124,0.654,z
15.577637564228898,0.655,z
15.577952611131348,0.656,z
15.578271103038919,0.657,z
15.57859306134921,0.658,z
15.578918506489044,0.659,z
15.579247457898752,0.66,z
15.57957993401669,0.661,z
15.579915952263953,0.662,z
15.580255529029344,0.663,z
15.580598679654575,0.664,z
15.580945418419702,0.665,z
15.581295758528826,0.666,z
15.58164971209603,0.667,z
15.582007290131605,0.668,z
15.58236850252851,0.669,z
15.582733358049143,0.67,z
15.583101864312356,0.671,z
15.583474027780778,0.672,z
15.583849853748427,0.673,z
15.58422934632861,0.674,z
15.584612508442127,0.675,z
15.584999341805782,0.676,z
15.585389846921219,0.677,z
15.585784023064054,0.678,z
15.586181868273341,0.679,z
15.58658337934138,0.68,z
15.586988551803826,0.681,z
15.587397379930156,0.682,z
15.587809856714491,0.683,z
15.588225973866725,0.684,z
15.588645721804049,0.685,z
15.589069089642798,0.686,z
15.589496065190687,0.687,z
15.58992663493938,0.6880000000000001,z
15.590360784057445,0.6890000000000001,z
15.590798496383691,0.6900000000000001,z
15.59123975442086,0.6910000000000001,z
15.591684539329712,0.6920000000000001,z
15.592132830923488,0.6930000000000001,z
15.59258460766277,0.6940000000000001,z
15.59303984665071,0.6950000000000001,z
15.593498523628684,0.6960000000000001,z
15.593960612972312,0.6970000000000001,z
15.594426087687909,0.6980000000000001,z
15.594894919409297,0.6990000000000001,z
15.595367078395071,0.7000000000000001,z
15.595842533526243,0.7010000000000001,z
15.596321252304298,0.7020000000000001,z
15.596803200849678,0.7030000000000001,z
15.597288343900667,0.704,z
15.597776644812706,0.705,z
15.598268065558113,0.706,z
15.598762566726247,0.707,z
15.599260107524067,0.708,z
15.599760645777142,0.709,z
15.600264137931065,0.71,z
15.600770539053318,0.711,z
15.601279802835547,0.712,z
15.601791881596274,0.713,z
15.602306726284041,0.714,z
15.60282428648099,0.715,z
15.603344510406854,0.716,z
15.603867344923419,0.717,z
15.604392735539376,0.718,z
15.604920626415643,0.719,z
15.605450960371098,0.72,z
15.605983678888748,0.721,z
15.60651872212235,0.722,z
15.607056028903434,0.723,z
15.607595536748779,0.724,z
15.608137181868326,0.725,z
15.608680899173503,0.726,z
15.609226622285995,0.727,z
15.60977428354692,0.728,z
15.610323814026488,0.729,z
15.610875143533999,0.73,z
15.611428200628357,0.731,z
15.611982912628937,0.732,z
15.612539205626925,0.733,z
15.613097004497034,0.734,z
15.613656232909662,0.735,z
15.614216813343477,0.736,z
15.614778667098374,0.737,z
15.615341714308885,0.738,z
15.61590587395797,0.739,z
15.616471063891225,0.74,z
15.617037200831486,0.741,z
15.617604200393838,0.742,z
15.618171977101015,0.743,z
15.618740444399187,0.744,z
15.619309514674153,0.745,z
15.61987909926791,0.746,z
15.620449108495592,0.747,z
15.621019451662804,0.748,z
15.62159003708332,0.749,z
15.62216077209717,0.75,z
15.622731563089049,0.751,z
15.623302315507143,0.752,z
15.62387293388226,0.753,z
15.62444332184736,0.754,z
15.625013382157384,0.755,z
15.625583016709468,0.756,z
15.626152126563463,0.757,z
15.626720611962824,0.758,z
15.627288372355771,0.759,z
15.627855306416823,0.76,z
15.628421312068625,0.761,z
15.628986286504086,0.762,z
15.62955012620883,0.763,z
15.630112726983933,0.764,z
15.630673983968965,0.765,z
15.631233791665318,0.766,z
15.631792043959807,0.767,z
15.632348634148558,0.768,z
15.632903454961141,0.769,z
15.633456398585004,0.77,z
15.634007356690121,0.771,z
15.634556220453918,0.772,z
15.635102880586423,0.773,z
15.635647227355669,0.774,z
15.636189150613301,0.775,z
15.636728539820435,0.776,z
15.6372652840737,0.777,z
15.637799272131515,0.778,z
15.63833039244054,0.779,z
15.638858533162342,0.78,z
15.639383582200237,0.781,z
15.639905427226305,0.782,z
15.640423955708577,0.783,z
15.640939054938398,0.784,z
15.641450612057925,0.785,z
15.641958514087783,0.786,z
15.642462647954861,0.787,z
15.642962900520237,0.788,z
15.643459158607225,0.789,z
15.643951309029534,0.79,z
15.644439238619555,0.791,z
15.644922834256718,0.792,z
15.645401982895958,0.793,z
15.645876571596268,0.794,z
15.646346487549303,0.795,z
15.64681161810809,0.796,z
15.647271850815752,0.797,z
15.647727073434327,0.798,z
15.648177173973572,0.799,z
15.648622040719872,0.8,z
15.649061562265112,0.801,z
15.649495627535591,0.802,z
15.649924125820954,0.803,z
15.650346946803095,0.804,z
15.650763980585088,0.805,z
15.65117511772006,0.806,z
15.651580249240075,0.807,z
15.65197926668495,0.808,z
15.652372062131066,0.809,z
15.652758528220094,0.81,z
15.653138558187667,0.811,z
15.653512045892002,0.812,z
15.653878885842435,0.8130000000000001,z
15.654238973227844,0.8140000000000001,z
15.65459220394504,0.8150000000000001,z
15.654938474626983,0.8160000000000001,z
15.65527768267094,0.8170000000000001,z
15.655609726266501,0.8180000000000001,z
15.655934504423465,0.8190000000000001,z
15.656251916999611,0.8200000000000001,z
15.656561864728287,0.8210000000000001,z
15.656864249245888,0.8220000000000001,z
15.657158973119147,0.8230000000000001,z
15.657445939872249,0.8240000000000001,z
15.657725054013806,0.8250000000000001,z
15.657996221063597,0.8260000000000001,z
15.658259347579149,0.8270000000000001,z
15.658514341182105,0.8280000000000001,z
15.658761110584377,0.8290000000000001,z
15.658999565614089,0.8300000000000001,z
15.659229617241277,0.8310000000000001,z
15.659451177603392,0.8320000000000001,z
15.659664160030516,0.833,z
15.659868479070356,0.834,z
15.660064050512979,0.835,z
15.660250791415272,0.836,z
15.660428620125135,0.837,z
15.660597456305393,0.838,z
15.660757220957434,0.839,z
15.660907836444522,0.84,z
15.661049226514839,0.841,z
15.661181316324207,0.842,z
15.661304032458474,0.843,z
15.661417302955623,0.844,z
15.661521057327505,0.845,z
15.66161522658126,0.846,z
15.661699743240383,0.847,z
15.661774541365455,0.848,z
15.661839556574503,0.849,z
15.661894726062998,0.85,z
15.661939988623498,0.851,z
15.661975284664894,0.852,z
15.662000556231296,0.853,z
15.662015747020515,0.854,z
15.66202080240216,0.855,z
15.662015669435332,0.856,z
15.662000296885925,0.857,z
15.66197463524349,0.858,z
15.66193863673771,0.859,z
15.661892255354454,0.86,z
15.661835446851374,0.861,z
15.661768168773104,0.862,z
15.661690380466018,0.863,z
15.661602043092516,0.864,z
15.661503119644923,0.865,z
15.661393574958863,0.866,z
15.661273375726255,0.867,z
15.661142490507794,0.868,z
15.661000889744995,0.869,z
15.660848545771763,0.87,z
15.660685432825494,0.871,z
15.660511527057702,0.872,z
15.660326806544175,0.873,z
15.660131251294619,0.874,z
15.659924843261873,0.875,z
15.659707566350571,0.876,z
15.659479406425378,0.877,z
15.659240351318669,0.878,z
15.65899039083777,0.879,z
15.658729516771654,0.88,z
15.65845772289716,0.881,z
15.65817500498471,0.882,z
15.657881360803506,0.883,z
15.65757679012623,0.884,z
15.657261294733228,0.885,z
15.656934878416193,0.886,z
15.656597546981324,0.887,z
15.656249308251972,0.888,z
15.65589017207079,0.889,z
15.655520150301333,0.89,z
15.655139256829175,0.891,z
15.654747507562483,0.892,z
15.654344920432091,0.893,z
15.653931515391038,0.894,z
15.653507314413611,0.895,z
15.653072341493834,0.896,z
15.65262662264348,0.897,z
15.65217018588952,0.898,z
15.651703061271109,0.899,z
15.651225280835979,0.9,z
15.650736878636392,0.901,z
15.65023789072453,0.902,z
15.649728355147378,0.903,z
15.649208311941099,0.904,z
15.6486778031249,0.905,z
15.648136872694371,0.906,z
15.647585566614335,0.907,z
15.647023932811162,0.908,z
15.646452021164613,0.909,z
15.64586988349915,0.91,z
15.645277573574752,0.911,z
15.64467514707724,0.912,z
15.644062661608105,0.913,z
15.643440176673824,0.914,z
15.642807753674708,0.915,z
15.642165455893247,0.916,z
15.64151334848197,0.917,z
15.640851498450841,0.918,z
15.64017997465414,0.919,z
15.639498847776913,0.92,z
15.638808190320919,0.921,z
15.638108076590122,0.922,z
15.63739858267571,0.923,z
15.63667978644068,0.924,z
15.635951767503935,0.925,z
15.635214607223949,0.926,z
15.634468388681988,0.927,z
15.633713196664878,0.928,z
15.63294911764735,0.929,z
15.632176239773939,0.93,z
15.631394652840465,0.931,z
15.630604448275095,0.932,z
15.629805719118988,0.933,z
15.628998560006515,0.934,z
15.6281830671451,0.935,z
15.627359338294635,0.936,z
15.62652747274653,0.937,z
15.625687571302333,0.9380000000000001,z
15.624839736252026,0.9390000000000001,z
15.623984071351895,0.9400000000000001,z
15.623120681802053,0.9410000000000001,z
15.622249674223609,0.9420000000000001,z
15.621371156635444,0.9430000000000001,z
15.6204852384307,0.9440000000000001,z
15.619592030352853,0.9450000000000001,z
15.61869164447151,0.9460000000000001,z
15.61778419415784,0.9470000000000001,z
15.616869794059701,0.9480000000000001,z
15.615948560076445,0.9490000000000001,z
15.615020609333417,0.9500000000000001,z
15.614086060156144,0.9510000000000001,z
15.613145032044256,0.9520000000000001,z
15.612197645645086,0.9530000000000001,z
15.611244022727025,0.9540000000000001,z
15.61028428615258,0.9550000000000001,z
15.609318559851184,0.9560000000000001,z
15.608346968791743,0.9570000000000001,z
15.607369638954951,0.9580000000000001,z
15.606386697305338,0.9590000000000001,z
15.605398271763107,0.96,z
15.604404491175748,0.961,z
15.60340548528942,0.962,z
15.60240138472015,0.963,z
15.601392320924804,0.964,z
15.600378426171893,0.965,z
15.599359833512182,0.966,z
15.598336676749128,0.967,z
15.59730909040915,0.968,z
15.596277209711756,0.969,z
15.595241170539495,0.97,z
15.594201109407795,0.971,z
15.59315716343465,0.972,z
15.592109470310199,0.973,z
15.591058168266176,0.974,z
15.590003396045272,0.975,z
15.588945292870378,0.976,z
15.587883998413764,0.977,z
15.586819652766156,0.978,z
15.585752396405761,0.979,z
15.584682370167213,0.98,z
15.58360971521048,0.981,z
15.582534572989722,0.982,z
15.58145708522211,0.983,z
15.580377393856624,0.984,z
15.579295641042815,0.985,z
15.578211969099605,0.986,z
15.577126520484013,0.987,z
15.576039437759963,0.988,z
15.574950863567066,0.989,z
15.573860940589432,0.99,z
15.572769811524537,0.991,z
15.571677619052108,0.992,z
15.570584505803076,0.993,z
15.569490614328595,0.994,z
15.568396087069104,0.995,z
15.567301066323502,0.996,z
15.56620569421838,0.997,z
15.56511011267737,0.998,z
15.564014463390578,0.999,z
15.562918887784148,1.0,z
15.561823526989942,1.0010000000000001,z
15.560728521815332,1.002,z
15.559634012713149,1.0030000000000001,z
15.558540139751782,1.004,z
15.557447042585405,1.0050000000000001,z
15.556354860424387,1.006,z
15.555263732005873,1.0070000000000001,z
15.554173795564527,1.008,z
15.553085188803479,1.0090000000000001,z
